Temperature (C)	Pressure (MPa)	Density (kg/m3)	Volume (m3/kg)	Internal Energy (kJ/kg)	Enthalpy (kJ/kg)	Entropy (J/g*K)	Cv (J/g*K)	Cp (J/g*K)	Sound Spd. (m/s)	Joule-Thomson (K/MPa)	Viscosity (uPa*s)	Therm. Cond. (W/m*K)	Phase
0.10000	0.0000	0.0000	infinite	2449.5	3576.5	-4.9606e+06	10.070	14.195	1260.4	undefined	8.3784	0.17337	vapor
0.10000	0.20000	0.17724	5.6420	2448.8	3577.2	49.327	10.072	14.201	1262.1	-0.24815	8.3799	0.17365	vapor
0.10000	0.40000	0.35405	2.8245	2448.1	3577.9	46.466	10.074	14.208	1263.9	-0.24932	8.3814	0.17394	vapor
0.10000	0.60000	0.53042	1.8853	2447.4	3578.6	44.791	10.076	14.215	1265.6	-0.25051	8.3830	0.17421	vapor
0.10000	0.80000	0.70635	1.4157	2446.7	3579.3	43.602	10.077	14.222	1267.4	-0.25172	8.3846	0.17448	vapor
0.10000	1.0000	0.88186	1.1340	2446.1	3580.0	42.679	10.079	14.228	1269.1	-0.25296	8.3864	0.17475	vapor
0.10000	1.2000	1.0569	0.94614	2445.4	3580.8	41.924	10.081	14.235	1270.9	-0.25421	8.3882	0.17500	vapor
0.10000	1.4000	1.2316	0.81197	2444.7	3581.5	41.286	10.083	14.242	1272.6	-0.25549	8.3900	0.17526	vapor
0.10000	1.4000	1.2316	0.81197	2444.7	3581.5	41.286	10.083	14.242	1272.6	-0.25549	8.3900	0.17526	supercritical
0.10000	1.4000	1.2316	0.81197	2444.7	3581.5	41.286	10.083	14.242	1272.6	-0.25549	8.3900	0.17526	supercritical
0.10000	1.6000	1.4058	0.71135	2444.0	3582.2	40.733	10.085	14.248	1274.4	-0.25679	8.3919	0.17550	supercritical
0.10000	1.8000	1.5795	0.63309	2443.4	3582.9	40.245	10.086	14.255	1276.1	-0.25810	8.3939	0.17575	supercritical
0.10000	2.0000	1.7529	0.57049	2442.7	3583.7	39.808	10.088	14.261	1277.9	-0.25943	8.3960	0.17598	supercritical
0.10000	2.2000	1.9258	0.51926	2442.0	3584.4	39.412	10.090	14.268	1279.7	-0.26077	8.3981	0.17621	supercritical
0.10000	2.4000	2.0983	0.47658	2441.4	3585.2	39.051	10.092	14.274	1281.4	-0.26213	8.4003	0.17644	supercritical
0.10000	2.6000	2.2704	0.44046	2440.7	3585.9	38.719	10.094	14.280	1283.2	-0.26350	8.4026	0.17667	supercritical
0.10000	2.8000	2.4420	0.40950	2440.1	3586.7	38.411	10.095	14.287	1285.0	-0.26489	8.4049	0.17688	supercritical
0.10000	3.0000	2.6132	0.38267	2439.4	3587.4	38.124	10.097	14.293	1286.7	-0.26628	8.4072	0.17710	supercritical
0.10000	3.2000	2.7840	0.35920	2438.8	3588.2	37.855	10.099	14.299	1288.5	-0.26769	8.4097	0.17731	supercritical
0.10000	3.4000	2.9543	0.33849	2438.1	3589.0	37.603	10.101	14.305	1290.3	-0.26910	8.4122	0.17752	supercritical
0.10000	3.6000	3.1243	0.32008	2437.5	3589.7	37.365	10.103	14.312	1292.0	-0.27053	8.4148	0.17772	supercritical
0.10000	3.8000	3.2938	0.30360	2436.8	3590.5	37.139	10.104	14.318	1293.8	-0.27196	8.4174	0.17792	supercritical
0.10000	4.0000	3.4629	0.28878	2436.2	3591.3	36.926	10.106	14.324	1295.6	-0.27340	8.4201	0.17812	supercritical
0.10000	4.2000	3.6315	0.27537	2435.5	3592.1	36.722	10.108	14.330	1297.4	-0.27485	8.4228	0.17831	supercritical
0.10000	4.4000	3.7998	0.26318	2434.9	3592.9	36.528	10.110	14.336	1299.2	-0.27630	8.4256	0.17850	supercritical
0.10000	4.6000	3.9676	0.25204	2434.3	3593.7	36.342	10.112	14.342	1301.0	-0.27776	8.4285	0.17869	supercritical
0.10000	4.8000	4.1350	0.24184	2433.6	3594.5	36.165	10.113	14.348	1302.7	-0.27922	8.4314	0.17887	supercritical
0.10000	5.0000	4.3019	0.23245	2433.0	3595.3	35.994	10.115	14.353	1304.5	-0.28069	8.4344	0.17905	supercritical
0.10000	5.2000	4.4685	0.22379	2432.4	3596.1	35.830	10.117	14.359	1306.3	-0.28216	8.4374	0.17923	supercritical
0.10000	5.4000	4.6346	0.21577	2431.7	3596.9	35.672	10.119	14.365	1308.1	-0.28363	8.4405	0.17941	supercritical
0.10000	5.6000	4.8003	0.20832	2431.1	3597.7	35.520	10.121	14.371	1309.9	-0.28511	8.4436	0.17958	supercritical
0.10000	5.8000	4.9656	0.20138	2430.5	3598.5	35.373	10.122	14.376	1311.7	-0.28658	8.4469	0.17975	supercritical
0.10000	6.0000	5.1305	0.19491	2429.9	3599.4	35.231	10.124	14.382	1313.5	-0.28806	8.4501	0.17992	supercritical
0.10000	6.2000	5.2950	0.18886	2429.3	3600.2	35.094	10.126	14.388	1315.3	-0.28954	8.4534	0.18009	supercritical
0.10000	6.4000	5.4590	0.18318	2428.7	3601.0	34.961	10.128	14.393	1317.1	-0.29102	8.4568	0.18026	supercritical
0.10000	6.6000	5.6227	0.17785	2428.0	3601.9	34.832	10.130	14.399	1318.9	-0.29250	8.4602	0.18042	supercritical
0.10000	6.8000	5.7859	0.17283	2427.4	3602.7	34.706	10.131	14.404	1320.7	-0.29397	8.4637	0.18058	supercritical
0.10000	7.0000	5.9487	0.16810	2426.8	3603.6	34.585	10.133	14.410	1322.6	-0.29545	8.4672	0.18074	supercritical
0.10000	7.2000	6.1111	0.16364	2426.2	3604.4	34.467	10.135	14.415	1324.4	-0.29693	8.4708	0.18090	supercritical
0.10000	7.4000	6.2730	0.15941	2425.6	3605.3	34.351	10.137	14.420	1326.2	-0.29840	8.4745	0.18106	supercritical
0.10000	7.6000	6.4346	0.15541	2425.0	3606.1	34.239	10.139	14.426	1328.0	-0.29987	8.4781	0.18121	supercritical
0.10000	7.8000	6.5958	0.15161	2424.4	3607.0	34.130	10.140	14.431	1329.8	-0.30134	8.4819	0.18137	supercritical
0.10000	8.0000	6.7565	0.14801	2423.8	3607.9	34.024	10.142	14.436	1331.6	-0.30281	8.4857	0.18152	supercritical
0.10000	8.2000	6.9168	0.14457	2423.2	3608.7	33.920	10.144	14.441	1333.5	-0.30427	8.4895	0.18167	supercritical
0.10000	8.4000	7.0768	0.14131	2422.6	3609.6	33.819	10.146	14.446	1335.3	-0.30573	8.4934	0.18182	supercritical
0.10000	8.6000	7.2363	0.13819	2422.1	3610.5	33.720	10.147	14.451	1337.1	-0.30718	8.4974	0.18197	supercritical
0.10000	8.8000	7.3954	0.13522	2421.5	3611.4	33.623	10.149	14.456	1338.9	-0.30864	8.5013	0.18212	supercritical
0.10000	9.0000	7.5541	0.13238	2420.9	3612.3	33.528	10.151	14.461	1340.8	-0.31008	8.5054	0.18227	supercritical
0.10000	9.2000	7.7124	0.12966	2420.3	3613.2	33.436	10.153	14.466	1342.6	-0.31153	8.5095	0.18242	supercritical
0.10000	9.4000	7.8703	0.12706	2419.7	3614.1	33.345	10.155	14.471	1344.4	-0.31296	8.5136	0.18256	supercritical
0.10000	9.6000	8.0278	0.12457	2419.2	3615.0	33.256	10.156	14.476	1346.3	-0.31440	8.5178	0.18271	supercritical
0.10000	9.8000	8.1848	0.12218	2418.6	3615.9	33.169	10.158	14.481	1348.1	-0.31582	8.5220	0.18285	supercritical
0.10000	10.000	8.3415	0.11988	2418.0	3616.8	33.084	10.160	14.486	1349.9	-0.31724	8.5263	0.18300	supercritical
0.10000	10.200	8.4978	0.11768	2417.4	3617.8	33.000	10.162	14.490	1351.8	-0.31866	8.5306	0.18314	supercritical
0.10000	10.400	8.6537	0.11556	2416.9	3618.7	32.918	10.163	14.495	1353.6	-0.32007	8.5350	0.18329	supercritical
0.10000	10.600	8.8092	0.11352	2416.3	3619.6	32.838	10.165	14.500	1355.5	-0.32147	8.5394	0.18343	supercritical
0.10000	10.800	8.9642	0.11155	2415.8	3620.5	32.759	10.167	14.504	1357.3	-0.32287	8.5439	0.18357	supercritical
0.10000	11.000	9.1189	0.10966	2415.2	3621.5	32.682	10.169	14.509	1359.2	-0.32426	8.5484	0.18371	supercritical
0.10000	11.200	9.2732	0.10784	2414.6	3622.4	32.605	10.170	14.514	1361.0	-0.32565	8.5529	0.18386	supercritical
0.10000	11.400	9.4271	0.10608	2414.1	3623.4	32.531	10.172	14.518	1362.8	-0.32703	8.5575	0.18400	supercritical
0.10000	11.600	9.5805	0.10438	2413.5	3624.3	32.457	10.174	14.523	1364.7	-0.32840	8.5622	0.18414	supercritical
0.10000	11.800	9.7336	0.10274	2413.0	3625.3	32.385	10.176	14.527	1366.5	-0.32976	8.5668	0.18428	supercritical
0.10000	12.000	9.8863	0.10115	2412.4	3626.2	32.314	10.178	14.531	1368.4	-0.33112	8.5716	0.18442	supercritical
0.10000	12.200	10.039	0.099615	2411.9	3627.2	32.244	10.179	14.536	1370.3	-0.33247	8.5763	0.18456	supercritical
0.10000	12.400	10.191	0.098130	2411.4	3628.2	32.175	10.181	14.540	1372.1	-0.33381	8.5811	0.18471	supercritical
0.10000	12.600	10.342	0.096693	2410.8	3629.2	32.107	10.183	14.544	1374.0	-0.33515	8.5860	0.18485	supercritical
0.10000	12.800	10.493	0.095300	2410.3	3630.1	32.040	10.185	14.549	1375.8	-0.33648	8.5909	0.18499	supercritical
0.10000	13.000	10.644	0.093950	2409.8	3631.1	31.975	10.186	14.553	1377.7	-0.33780	8.5958	0.18513	supercritical
0.10000	13.200	10.794	0.092642	2409.2	3632.1	31.910	10.188	14.557	1379.5	-0.33911	8.6008	0.18527	supercritical
0.10000	13.400	10.944	0.091372	2408.7	3633.1	31.846	10.190	14.561	1381.4	-0.34042	8.6058	0.18541	supercritical
0.10000	13.600	11.094	0.090140	2408.2	3634.1	31.784	10.192	14.565	1383.3	-0.34172	8.6109	0.18556	supercritical
0.10000	13.800	11.243	0.088944	2407.6	3635.1	31.722	10.193	14.569	1385.1	-0.34301	8.6160	0.18570	supercritical
0.10000	14.000	11.392	0.087782	2407.1	3636.1	31.661	10.195	14.573	1387.0	-0.34429	8.6211	0.18584	supercritical
0.10000	14.200	11.540	0.086653	2406.6	3637.1	31.601	10.197	14.577	1388.8	-0.34556	8.6263	0.18598	supercritical
0.10000	14.400	11.688	0.085556	2406.1	3638.1	31.541	10.199	14.581	1390.7	-0.34683	8.6315	0.18613	supercritical
0.10000	14.600	11.836	0.084489	2405.6	3639.1	31.483	10.200	14.585	1392.6	-0.34809	8.6367	0.18627	supercritical
0.10000	14.800	11.983	0.083450	2405.1	3640.1	31.425	10.202	14.589	1394.4	-0.34934	8.6420	0.18641	supercritical
0.10000	15.000	12.130	0.082440	2404.5	3641.1	31.368	10.204	14.593	1396.3	-0.35058	8.6473	0.18656	supercritical
0.10000	15.200	12.277	0.081456	2404.0	3642.2	31.312	10.206	14.597	1398.2	-0.35182	8.6527	0.18670	supercritical
0.10000	15.400	12.423	0.080498	2403.5	3643.2	31.256	10.207	14.601	1400.0	-0.35304	8.6581	0.18685	supercritical
0.10000	15.600	12.568	0.079564	2403.0	3644.2	31.201	10.209	14.604	1401.9	-0.35426	8.6635	0.18699	supercritical
0.10000	15.800	12.714	0.078654	2402.5	3645.3	31.147	10.211	14.608	1403.8	-0.35547	8.6690	0.18714	supercritical
0.10000	16.000	12.859	0.077767	2402.0	3646.3	31.094	10.213	14.612	1405.7	-0.35668	8.6745	0.18728	supercritical
0.10000	16.200	13.004	0.076902	2401.5	3647.4	31.041	10.214	14.616	1407.5	-0.35787	8.6800	0.18743	supercritical
0.10000	16.400	13.148	0.076058	2401.0	3648.4	30.989	10.216	14.619	1409.4	-0.35906	8.6856	0.18758	supercritical
0.10000	16.600	13.292	0.075235	2400.5	3649.5	30.937	10.218	14.623	1411.3	-0.36023	8.6912	0.18772	supercritical
0.10000	16.800	13.435	0.074431	2400.1	3650.5	30.887	10.220	14.626	1413.2	-0.36141	8.6969	0.18787	supercritical
0.10000	17.000	13.578	0.073647	2399.6	3651.6	30.836	10.221	14.630	1415.0	-0.36257	8.7025	0.18802	supercritical
0.10000	17.200	13.721	0.072880	2399.1	3652.6	30.787	10.223	14.633	1416.9	-0.36372	8.7082	0.18817	supercritical
0.10000	17.400	13.864	0.072132	2398.6	3653.7	30.737	10.225	14.637	1418.8	-0.36487	8.7140	0.18832	supercritical
0.10000	17.600	14.006	0.071400	2398.1	3654.8	30.689	10.227	14.640	1420.6	-0.36601	8.7198	0.18847	supercritical
0.10000	17.800	14.147	0.070685	2397.6	3655.8	30.641	10.228	14.644	1422.5	-0.36713	8.7256	0.18862	supercritical
0.10000	18.000	14.289	0.069986	2397.2	3656.9	30.593	10.230	14.647	1424.4	-0.36826	8.7314	0.18877	supercritical
0.10000	18.200	14.430	0.069302	2396.7	3658.0	30.546	10.232	14.651	1426.3	-0.36937	8.7373	0.18893	supercritical
0.10000	18.400	14.570	0.068633	2396.2	3659.1	30.500	10.233	14.654	1428.2	-0.37048	8.7432	0.18908	supercritical
0.10000	18.600	14.710	0.067979	2395.8	3660.2	30.454	10.235	14.657	1430.0	-0.37157	8.7491	0.18923	supercritical
0.10000	18.800	14.850	0.067339	2395.3	3661.3	30.408	10.237	14.661	1431.9	-0.37266	8.7551	0.18939	supercritical
0.10000	19.000	14.990	0.066712	2394.8	3662.4	30.363	10.239	14.664	1433.8	-0.37375	8.7611	0.18954	supercritical
0.10000	19.200	15.129	0.066098	2394.4	3663.4	30.318	10.240	14.667	1435.7	-0.37482	8.7672	0.18970	supercritical
0.10000	19.400	15.268	0.065497	2393.9	3664.6	30.274	10.242	14.670	1437.5	-0.37589	8.7732	0.18985	supercritical
0.10000	19.600	15.406	0.064909	2393.4	3665.7	30.231	10.244	14.674	1439.4	-0.37695	8.7793	0.19001	supercritical
0.10000	19.800	15.544	0.064332	2393.0	3666.8	30.187	10.246	14.677	1441.3	-0.37800	8.7854	0.19016	supercritical
0.10000	20.000	15.682	0.063767	2392.5	3667.9	30.145	10.247	14.680	1443.2	-0.37904	8.7916	0.19032	supercritical
0.10000	20.200	15.819	0.063213	2392.1	3669.0	30.102	10.249	14.683	1445.1	-0.38008	8.7978	0.19048	supercritical
0.10000	20.400	15.956	0.062671	2391.6	3670.1	30.060	10.251	14.686	1446.9	-0.38110	8.8040	0.19064	supercritical
0.10000	20.600	16.093	0.062138	2391.2	3671.2	30.019	10.252	14.689	1448.8	-0.38212	8.8102	0.19080	supercritical
0.10000	20.800	16.229	0.061616	2390.7	3672.4	29.977	10.254	14.692	1450.7	-0.38314	8.8165	0.19096	supercritical
0.10000	21.000	16.365	0.061104	2390.3	3673.5	29.937	10.256	14.695	1452.6	-0.38414	8.8228	0.19112	supercritical
0.10000	21.200	16.501	0.060602	2389.8	3674.6	29.896	10.258	14.698	1454.5	-0.38514	8.8291	0.19128	supercritical
0.10000	21.400	16.636	0.060109	2389.4	3675.7	29.856	10.259	14.701	1456.3	-0.38613	8.8355	0.19145	supercritical
0.10000	21.600	16.771	0.059625	2389.0	3676.9	29.817	10.261	14.704	1458.2	-0.38711	8.8418	0.19161	supercritical
0.10000	21.800	16.906	0.059151	2388.5	3678.0	29.777	10.263	14.707	1460.1	-0.38809	8.8482	0.19177	supercritical
0.10000	22.000	17.040	0.058685	2388.1	3679.2	29.738	10.264	14.710	1462.0	-0.38906	8.8547	0.19194	supercritical
0.10000	22.200	17.174	0.058227	2387.7	3680.3	29.700	10.266	14.713	1463.8	-0.39002	8.8611	0.19210	supercritical
0.10000	22.400	17.308	0.057777	2387.2	3681.5	29.662	10.268	14.716	1465.7	-0.39097	8.8676	0.19227	supercritical
0.10000	22.600	17.441	0.057336	2386.8	3682.6	29.624	10.269	14.718	1467.6	-0.39192	8.8741	0.19243	supercritical
0.10000	22.800	17.574	0.056902	2386.4	3683.8	29.586	10.271	14.721	1469.5	-0.39286	8.8807	0.19260	supercritical
0.10000	23.000	17.707	0.056476	2386.0	3684.9	29.549	10.273	14.724	1471.4	-0.39379	8.8872	0.19277	supercritical
0.10000	23.200	17.839	0.056058	2385.5	3686.1	29.512	10.275	14.727	1473.2	-0.39471	8.8938	0.19294	supercritical
0.10000	23.400	17.971	0.055646	2385.1	3687.2	29.475	10.276	14.729	1475.1	-0.39563	8.9004	0.19311	supercritical
0.10000	23.600	18.102	0.055242	2384.7	3688.4	29.439	10.278	14.732	1477.0	-0.39654	8.9071	0.19328	supercritical
0.10000	23.800	18.234	0.054844	2384.3	3689.6	29.403	10.280	14.735	1478.9	-0.39745	8.9137	0.19345	supercritical
0.10000	24.000	18.364	0.054453	2383.9	3690.8	29.367	10.281	14.737	1480.8	-0.39835	8.9204	0.19362	supercritical
0.10000	24.200	18.495	0.054069	2383.5	3691.9	29.332	10.283	14.740	1482.6	-0.39924	8.9271	0.19379	supercritical
0.10000	24.400	18.625	0.053691	2383.1	3693.1	29.297	10.285	14.743	1484.5	-0.40012	8.9339	0.19396	supercritical
0.10000	24.600	18.755	0.053319	2382.7	3694.3	29.262	10.286	14.745	1486.4	-0.40100	8.9406	0.19413	supercritical
0.10000	24.800	18.885	0.052953	2382.3	3695.5	29.227	10.288	14.748	1488.3	-0.40187	8.9474	0.19431	supercritical
0.10000	25.000	19.014	0.052593	2381.8	3696.7	29.193	10.290	14.750	1490.1	-0.40273	8.9542	0.19448	supercritical
0.10000	25.200	19.143	0.052238	2381.4	3697.9	29.159	10.291	14.753	1492.0	-0.40359	8.9611	0.19466	supercritical
0.10000	25.400	19.272	0.051890	2381.0	3699.0	29.125	10.293	14.755	1493.9	-0.40444	8.9679	0.19483	supercritical
0.10000	25.600	19.400	0.051547	2380.6	3700.2	29.092	10.295	14.758	1495.8	-0.40529	8.9748	0.19501	supercritical
0.10000	25.800	19.528	0.051209	2380.3	3701.4	29.059	10.297	14.760	1497.6	-0.40612	8.9817	0.19519	supercritical
0.10000	26.000	19.656	0.050876	2379.9	3702.6	29.026	10.298	14.763	1499.5	-0.40696	8.9886	0.19536	supercritical
0.10000	26.200	19.783	0.050549	2379.5	3703.8	28.993	10.300	14.765	1501.4	-0.40778	8.9955	0.19554	supercritical
0.10000	26.400	19.910	0.050226	2379.1	3705.0	28.960	10.302	14.768	1503.3	-0.40860	9.0025	0.19572	supercritical
0.10000	26.600	20.037	0.049908	2378.7	3706.3	28.928	10.303	14.770	1505.1	-0.40941	9.0095	0.19590	supercritical
0.10000	26.800	20.163	0.049596	2378.3	3707.5	28.896	10.305	14.772	1507.0	-0.41022	9.0165	0.19608	supercritical
0.10000	27.000	20.289	0.049287	2377.9	3708.7	28.864	10.307	14.775	1508.9	-0.41102	9.0235	0.19626	supercritical
0.10000	27.200	20.415	0.048984	2377.5	3709.9	28.833	10.308	14.777	1510.8	-0.41182	9.0306	0.19644	supercritical
0.10000	27.400	20.540	0.048685	2377.2	3711.1	28.802	10.310	14.779	1512.6	-0.41261	9.0376	0.19662	supercritical
0.10000	27.600	20.666	0.048390	2376.8	3712.3	28.771	10.312	14.782	1514.5	-0.41339	9.0447	0.19680	supercritical
0.10000	27.800	20.790	0.048099	2376.4	3713.6	28.740	10.313	14.784	1516.4	-0.41417	9.0518	0.19699	supercritical
0.10000	28.000	20.915	0.047813	2376.0	3714.8	28.709	10.315	14.786	1518.2	-0.41494	9.0590	0.19717	supercritical
0.10000	28.200	21.039	0.047530	2375.7	3716.0	28.679	10.317	14.789	1520.1	-0.41570	9.0661	0.19735	supercritical
0.10000	28.400	21.163	0.047252	2375.3	3717.2	28.649	10.318	14.791	1522.0	-0.41646	9.0733	0.19754	supercritical
0.10000	28.600	21.287	0.046978	2374.9	3718.5	28.619	10.320	14.793	1523.9	-0.41722	9.0805	0.19772	supercritical
0.10000	28.800	21.410	0.046707	2374.5	3719.7	28.589	10.322	14.795	1525.7	-0.41796	9.0877	0.19791	supercritical
0.10000	29.000	21.533	0.046440	2374.2	3720.9	28.559	10.323	14.797	1527.6	-0.41871	9.0949	0.19809	supercritical
0.10000	29.200	21.656	0.046177	2373.8	3722.2	28.530	10.325	14.800	1529.5	-0.41944	9.1021	0.19828	supercritical
0.10000	29.400	21.778	0.045918	2373.5	3723.4	28.501	10.327	14.802	1531.3	-0.42017	9.1094	0.19847	supercritical
0.10000	29.600	21.900	0.045662	2373.1	3724.7	28.472	10.328	14.804	1533.2	-0.42090	9.1167	0.19865	supercritical
0.10000	29.800	22.022	0.045409	2372.7	3725.9	28.443	10.330	14.806	1535.1	-0.42162	9.1240	0.19884	supercritical
0.10000	30.000	22.143	0.045160	2372.4	3727.2	28.414	10.332	14.808	1536.9	-0.42234	9.1313	0.19903	supercritical
0.10000	30.200	22.265	0.044914	2372.0	3728.4	28.386	10.333	14.810	1538.8	-0.42305	9.1386	0.19922	supercritical
0.10000	30.400	22.386	0.044672	2371.7	3729.7	28.358	10.335	14.812	1540.7	-0.42375	9.1460	0.19941	supercritical
0.10000	30.600	22.506	0.044432	2371.3	3730.9	28.330	10.337	14.814	1542.5	-0.42445	9.1534	0.19960	supercritical
0.10000	30.800	22.627	0.044196	2371.0	3732.2	28.302	10.338	14.816	1544.4	-0.42515	9.1608	0.19979	supercritical
0.10000	31.000	22.747	0.043963	2370.6	3733.5	28.274	10.340	14.818	1546.2	-0.42583	9.1682	0.19998	supercritical
0.10000	31.200	22.866	0.043732	2370.3	3734.7	28.247	10.341	14.820	1548.1	-0.42652	9.1756	0.20017	supercritical
0.10000	31.400	22.986	0.043505	2369.9	3736.0	28.220	10.343	14.822	1550.0	-0.42720	9.1830	0.20037	supercritical
0.10000	31.600	23.105	0.043281	2369.6	3737.3	28.192	10.345	14.824	1551.8	-0.42787	9.1905	0.20056	supercritical
0.10000	31.800	23.224	0.043059	2369.2	3738.5	28.166	10.346	14.826	1553.7	-0.42854	9.1980	0.20075	supercritical
0.10000	32.000	23.342	0.042841	2368.9	3739.8	28.139	10.348	14.828	1555.5	-0.42920	9.2054	0.20094	supercritical
0.10000	32.200	23.461	0.042625	2368.6	3741.1	28.112	10.350	14.830	1557.4	-0.42986	9.2130	0.20114	supercritical
0.10000	32.400	23.579	0.042411	2368.2	3742.3	28.086	10.351	14.832	1559.3	-0.43052	9.2205	0.20133	supercritical
0.10000	32.600	23.696	0.042201	2367.9	3743.6	28.059	10.353	14.834	1561.1	-0.43117	9.2280	0.20153	supercritical
0.10000	32.800	23.814	0.041992	2367.6	3744.9	28.033	10.355	14.836	1563.0	-0.43181	9.2356	0.20172	supercritical
0.10000	33.000	23.931	0.041787	2367.2	3746.2	28.007	10.356	14.838	1564.8	-0.43245	9.2431	0.20192	supercritical
0.10000	33.200	24.048	0.041584	2366.9	3747.5	27.981	10.358	14.839	1566.7	-0.43309	9.2507	0.20211	supercritical
0.10000	33.400	24.164	0.041383	2366.6	3748.8	27.956	10.359	14.841	1568.5	-0.43372	9.2583	0.20231	supercritical
0.10000	33.600	24.281	0.041185	2366.2	3750.0	27.930	10.361	14.843	1570.4	-0.43434	9.2659	0.20251	supercritical
0.10000	33.800	24.397	0.040989	2365.9	3751.3	27.905	10.363	14.845	1572.2	-0.43497	9.2736	0.20270	supercritical
0.10000	34.000	24.513	0.040795	2365.6	3752.6	27.880	10.364	14.847	1574.1	-0.43558	9.2812	0.20290	supercritical
0.10000	34.200	24.628	0.040604	2365.3	3753.9	27.855	10.366	14.848	1576.0	-0.43619	9.2889	0.20310	supercritical
0.10000	34.400	24.743	0.040415	2364.9	3755.2	27.830	10.368	14.850	1577.8	-0.43680	9.2965	0.20330	supercritical
0.10000	34.600	24.858	0.040228	2364.6	3756.5	27.805	10.369	14.852	1579.7	-0.43741	9.3042	0.20349	supercritical
0.10000	34.800	24.973	0.040043	2364.3	3757.8	27.780	10.371	14.854	1581.5	-0.43801	9.3119	0.20369	supercritical
0.10000	35.000	25.087	0.039861	2364.0	3759.1	27.756	10.372	14.855	1583.3	-0.43860	9.3196	0.20389	supercritical
0.10000	35.200	25.201	0.039680	2363.7	3760.4	27.732	10.374	14.857	1585.2	-0.43919	9.3274	0.20409	supercritical
0.10000	35.400	25.315	0.039502	2363.4	3761.7	27.707	10.376	14.859	1587.0	-0.43978	9.3351	0.20429	supercritical
0.10000	35.600	25.429	0.039325	2363.1	3763.0	27.683	10.377	14.861	1588.9	-0.44036	9.3429	0.20449	supercritical
0.10000	35.800	25.542	0.039151	2362.7	3764.3	27.659	10.379	14.862	1590.7	-0.44094	9.3506	0.20469	supercritical
0.10000	36.000	25.655	0.038978	2362.4	3765.7	27.636	10.381	14.864	1592.6	-0.44151	9.3584	0.20489	supercritical
0.10000	36.200	25.768	0.038808	2362.1	3767.0	27.612	10.382	14.866	1594.4	-0.44208	9.3662	0.20509	supercritical
0.10000	36.400	25.880	0.038639	2361.8	3768.3	27.588	10.384	14.867	1596.3	-0.44265	9.3740	0.20530	supercritical
0.10000	36.600	25.993	0.038472	2361.5	3769.6	27.565	10.385	14.869	1598.1	-0.44321	9.3819	0.20550	supercritical
0.10000	36.800	26.105	0.038307	2361.2	3770.9	27.542	10.387	14.870	1599.9	-0.44377	9.3897	0.20570	supercritical
0.10000	37.000	26.216	0.038144	2360.9	3772.2	27.519	10.389	14.872	1601.8	-0.44432	9.3975	0.20590	supercritical
0.10000	37.200	26.328	0.037983	2360.6	3773.6	27.496	10.390	14.874	1603.6	-0.44487	9.4054	0.20611	supercritical
0.10000	37.400	26.439	0.037823	2360.3	3774.9	27.473	10.392	14.875	1605.5	-0.44542	9.4133	0.20631	supercritical
0.10000	37.600	26.550	0.037665	2360.0	3776.2	27.450	10.393	14.877	1607.3	-0.44596	9.4212	0.20651	supercritical
0.10000	37.800	26.661	0.037508	2359.7	3777.5	27.427	10.395	14.878	1609.1	-0.44650	9.4291	0.20672	supercritical
0.10000	38.000	26.771	0.037354	2359.4	3778.9	27.405	10.397	14.880	1611.0	-0.44703	9.4370	0.20692	supercritical
0.10000	38.200	26.881	0.037201	2359.1	3780.2	27.382	10.398	14.881	1612.8	-0.44756	9.4449	0.20712	supercritical
0.10000	38.400	26.991	0.037049	2358.9	3781.5	27.360	10.400	14.883	1614.6	-0.44809	9.4528	0.20733	supercritical
0.10000	38.600	27.101	0.036899	2358.6	3782.9	27.338	10.401	14.884	1616.5	-0.44861	9.4608	0.20753	supercritical
0.10000	38.800	27.210	0.036751	2358.3	3784.2	27.316	10.403	14.886	1618.3	-0.44913	9.4687	0.20774	supercritical
0.10000	39.000	27.319	0.036604	2358.0	3785.5	27.294	10.405	14.887	1620.1	-0.44965	9.4767	0.20794	supercritical
0.10000	39.200	27.428	0.036459	2357.7	3786.9	27.272	10.406	14.889	1622.0	-0.45016	9.4847	0.20815	supercritical
0.10000	39.400	27.537	0.036315	2357.4	3788.2	27.250	10.408	14.890	1623.8	-0.45067	9.4927	0.20835	supercritical
0.10000	39.600	27.645	0.036172	2357.1	3789.6	27.229	10.409	14.892	1625.6	-0.45117	9.5007	0.20856	supercritical
0.10000	39.800	27.754	0.036031	2356.9	3790.9	27.207	10.411	14.893	1627.5	-0.45167	9.5087	0.20877	supercritical
0.10000	40.000	27.861	0.035892	2356.6	3792.3	27.186	10.413	14.894	1629.3	-0.45217	9.5167	0.20897	supercritical
0.10000	40.200	27.969	0.035754	2356.3	3793.6	27.165	10.414	14.896	1631.1	-0.45267	9.5247	0.20918	supercritical
0.10000	40.400	28.076	0.035617	2356.0	3795.0	27.143	10.416	14.897	1632.9	-0.45316	9.5328	0.20939	supercritical
0.10000	40.600	28.184	0.035482	2355.8	3796.3	27.122	10.417	14.899	1634.8	-0.45364	9.5408	0.20959	supercritical
0.10000	40.800	28.291	0.035348	2355.5	3797.7	27.101	10.419	14.900	1636.6	-0.45413	9.5489	0.20980	supercritical
0.10000	41.000	28.397	0.035215	2355.2	3799.0	27.080	10.421	14.901	1638.4	-0.45461	9.5570	0.21001	supercritical
0.10000	41.200	28.504	0.035083	2354.9	3800.4	27.060	10.422	14.903	1640.2	-0.45509	9.5650	0.21022	supercritical
0.10000	41.400	28.610	0.034953	2354.7	3801.7	27.039	10.424	14.904	1642.0	-0.45556	9.5731	0.21042	supercritical
0.10000	41.600	28.716	0.034824	2354.4	3803.1	27.018	10.425	14.905	1643.9	-0.45603	9.5812	0.21063	supercritical
0.10000	41.800	28.821	0.034696	2354.1	3804.4	26.998	10.427	14.907	1645.7	-0.45650	9.5894	0.21084	supercritical
0.10000	42.000	28.927	0.034570	2353.9	3805.8	26.978	10.428	14.908	1647.5	-0.45696	9.5975	0.21105	supercritical
0.10000	42.200	29.032	0.034445	2353.6	3807.2	26.957	10.430	14.909	1649.3	-0.45742	9.6056	0.21126	supercritical
0.10000	42.400	29.137	0.034321	2353.3	3808.5	26.937	10.432	14.911	1651.1	-0.45788	9.6138	0.21147	supercritical
0.10000	42.600	29.242	0.034198	2353.1	3809.9	26.917	10.433	14.912	1652.9	-0.45834	9.6219	0.21168	supercritical
0.10000	42.800	29.346	0.034076	2352.8	3811.3	26.897	10.435	14.913	1654.8	-0.45879	9.6301	0.21189	supercritical
0.10000	43.000	29.451	0.033955	2352.6	3812.6	26.877	10.436	14.915	1656.6	-0.45924	9.6382	0.21209	supercritical
0.10000	43.200	29.555	0.033836	2352.3	3814.0	26.857	10.438	14.916	1658.4	-0.45968	9.6464	0.21230	supercritical
0.10000	43.400	29.658	0.033717	2352.1	3815.4	26.838	10.439	14.917	1660.2	-0.46013	9.6546	0.21251	supercritical
0.10000	43.600	29.762	0.033600	2351.8	3816.8	26.818	10.441	14.918	1662.0	-0.46057	9.6628	0.21272	supercritical
0.10000	43.800	29.865	0.033484	2351.5	3818.1	26.799	10.443	14.920	1663.8	-0.46100	9.6710	0.21293	supercritical
0.10000	44.000	29.968	0.033368	2351.3	3819.5	26.779	10.444	14.921	1665.6	-0.46144	9.6792	0.21314	supercritical
0.10000	44.200	30.071	0.033254	2351.0	3820.9	26.760	10.446	14.922	1667.4	-0.46187	9.6875	0.21335	supercritical
0.10000	44.400	30.174	0.033141	2350.8	3822.3	26.741	10.447	14.923	1669.2	-0.46229	9.6957	0.21357	supercritical
0.10000	44.600	30.276	0.033029	2350.5	3823.6	26.721	10.449	14.924	1671.0	-0.46272	9.7039	0.21378	supercritical
0.10000	44.800	30.379	0.032918	2350.3	3825.0	26.702	10.450	14.926	1672.8	-0.46314	9.7122	0.21399	supercritical
0.10000	45.000	30.481	0.032808	2350.1	3826.4	26.683	10.452	14.927	1674.6	-0.46356	9.7204	0.21420	supercritical
0.10000	45.200	30.582	0.032699	2349.8	3827.8	26.664	10.453	14.928	1676.4	-0.46398	9.7287	0.21441	supercritical
0.10000	45.400	30.684	0.032591	2349.6	3829.2	26.646	10.455	14.929	1678.2	-0.46439	9.7370	0.21462	supercritical
0.10000	45.600	30.785	0.032483	2349.3	3830.6	26.627	10.457	14.930	1680.0	-0.46480	9.7452	0.21483	supercritical
0.10000	45.800	30.886	0.032377	2349.1	3832.0	26.608	10.458	14.931	1681.8	-0.46521	9.7535	0.21504	supercritical
0.10000	46.000	30.987	0.032272	2348.9	3833.3	26.590	10.460	14.932	1683.6	-0.46561	9.7618	0.21526	supercritical
0.10000	46.200	31.088	0.032167	2348.6	3834.7	26.571	10.461	14.934	1685.4	-0.46602	9.7701	0.21547	supercritical
0.10000	46.400	31.188	0.032064	2348.4	3836.1	26.553	10.463	14.935	1687.2	-0.46642	9.7784	0.21568	supercritical
0.10000	46.600	31.288	0.031961	2348.1	3837.5	26.534	10.464	14.936	1689.0	-0.46681	9.7868	0.21589	supercritical
0.10000	46.800	31.388	0.031859	2347.9	3838.9	26.516	10.466	14.937	1690.8	-0.46721	9.7951	0.21610	supercritical
0.10000	47.000	31.488	0.031758	2347.7	3840.3	26.498	10.467	14.938	1692.6	-0.46760	9.8034	0.21632	supercritical
0.10000	47.200	31.587	0.031658	2347.4	3841.7	26.480	10.469	14.939	1694.4	-0.46799	9.8118	0.21653	supercritical
0.10000	47.400	31.687	0.031559	2347.2	3843.1	26.462	10.470	14.940	1696.2	-0.46837	9.8201	0.21674	supercritical
0.10000	47.600	31.786	0.031461	2347.0	3844.5	26.444	10.472	14.941	1698.0	-0.46876	9.8285	0.21696	supercritical
0.10000	47.800	31.885	0.031363	2346.8	3845.9	26.426	10.474	14.942	1699.8	-0.46914	9.8368	0.21717	supercritical
0.10000	48.000	31.983	0.031266	2346.5	3847.3	26.408	10.475	14.943	1701.6	-0.46952	9.8452	0.21738	supercritical
0.10000	48.200	32.082	0.031170	2346.3	3848.7	26.391	10.477	14.944	1703.4	-0.46989	9.8536	0.21759	supercritical
0.10000	48.400	32.180	0.031075	2346.1	3850.1	26.373	10.478	14.945	1705.1	-0.47027	9.8620	0.21781	supercritical
0.10000	48.600	32.278	0.030981	2345.9	3851.5	26.355	10.480	14.946	1706.9	-0.47064	9.8704	0.21802	supercritical
0.10000	48.800	32.376	0.030887	2345.6	3852.9	26.338	10.481	14.947	1708.7	-0.47101	9.8787	0.21824	supercritical
0.10000	49.000	32.473	0.030795	2345.4	3854.3	26.320	10.483	14.948	1710.5	-0.47137	9.8871	0.21845	supercritical
0.10000	49.200	32.571	0.030702	2345.2	3855.8	26.303	10.484	14.949	1712.3	-0.47174	9.8956	0.21866	supercritical
0.10000	49.400	32.668	0.030611	2345.0	3857.2	26.286	10.486	14.950	1714.0	-0.47210	9.9040	0.21888	supercritical
0.10000	49.600	32.765	0.030521	2344.8	3858.6	26.269	10.487	14.951	1715.8	-0.47246	9.9124	0.21909	supercritical
0.10000	49.800	32.862	0.030431	2344.5	3860.0	26.252	10.489	14.952	1717.6	-0.47281	9.9208	0.21930	supercritical
0.10000	50.000	32.958	0.030342	2344.3	3861.4	26.234	10.490	14.953	1719.4	-0.47317	9.9293	0.21952	supercritical
0.10000	50.200	33.054	0.030253	2344.1	3862.8	26.217	10.492	14.954	1721.2	-0.47352	9.9377	0.21973	supercritical
0.10000	50.400	33.151	0.030165	2343.9	3864.2	26.201	10.493	14.955	1722.9	-0.47387	9.9461	0.21995	supercritical
0.10000	50.600	33.246	0.030078	2343.7	3865.7	26.184	10.495	14.956	1724.7	-0.47422	9.9546	0.22016	supercritical
0.10000	50.800	33.342	0.029992	2343.5	3867.1	26.167	10.496	14.957	1726.5	-0.47456	9.9631	0.22038	supercritical
0.10000	51.000	33.438	0.029906	2343.3	3868.5	26.150	10.498	14.958	1728.3	-0.47490	9.9715	0.22059	supercritical
0.10000	51.200	33.533	0.029821	2343.1	3869.9	26.134	10.499	14.959	1730.0	-0.47524	9.9800	0.22081	supercritical
0.10000	51.400	33.628	0.029737	2342.9	3871.3	26.117	10.501	14.960	1731.8	-0.47558	9.9885	0.22102	supercritical
0.10000	51.600	33.723	0.029653	2342.6	3872.8	26.100	10.502	14.961	1733.6	-0.47592	9.9969	0.22124	supercritical
0.10000	51.800	33.818	0.029570	2342.4	3874.2	26.084	10.504	14.962	1735.3	-0.47625	10.005	0.22145	supercritical
0.10000	52.000	33.912	0.029488	2342.2	3875.6	26.068	10.505	14.962	1737.1	-0.47658	10.014	0.22167	supercritical
0.10000	52.200	34.006	0.029406	2342.0	3877.0	26.051	10.507	14.963	1738.9	-0.47691	10.022	0.22188	supercritical
0.10000	52.400	34.101	0.029325	2341.8	3878.5	26.035	10.509	14.964	1740.6	-0.47724	10.031	0.22210	supercritical
0.10000	52.600	34.194	0.029244	2341.6	3879.9	26.019	10.510	14.965	1742.4	-0.47756	10.039	0.22232	supercritical
0.10000	52.800	34.288	0.029165	2341.4	3881.3	26.003	10.512	14.966	1744.1	-0.47788	10.048	0.22253	supercritical
0.10000	53.000	34.382	0.029085	2341.2	3882.8	25.987	10.513	14.967	1745.9	-0.47820	10.056	0.22275	supercritical
0.10000	53.200	34.475	0.029007	2341.0	3884.2	25.970	10.515	14.968	1747.7	-0.47852	10.065	0.22296	supercritical
0.10000	53.400	34.568	0.028928	2340.8	3885.6	25.955	10.516	14.969	1749.4	-0.47884	10.074	0.22318	supercritical
0.10000	53.600	34.661	0.028851	2340.7	3887.1	25.939	10.518	14.969	1751.2	-0.47915	10.082	0.22340	supercritical
0.10000	53.800	34.754	0.028774	2340.5	3888.5	25.923	10.519	14.970	1752.9	-0.47947	10.091	0.22361	supercritical
0.10000	54.000	34.846	0.028697	2340.3	3889.9	25.907	10.521	14.971	1754.7	-0.47978	10.099	0.22383	supercritical
0.10000	54.200	34.939	0.028622	2340.1	3891.4	25.891	10.522	14.972	1756.5	-0.48008	10.108	0.22405	supercritical
0.10000	54.400	35.031	0.028546	2339.9	3892.8	25.876	10.523	14.973	1758.2	-0.48039	10.116	0.22426	supercritical
0.10000	54.600	35.123	0.028472	2339.7	3894.2	25.860	10.525	14.973	1760.0	-0.48069	10.125	0.22448	supercritical
0.10000	54.800	35.214	0.028397	2339.5	3895.7	25.845	10.526	14.974	1761.7	-0.48100	10.133	0.22470	supercritical
0.10000	55.000	35.306	0.028324	2339.3	3897.1	25.829	10.528	14.975	1763.5	-0.48129	10.142	0.22491	supercritical
0.10000	55.200	35.397	0.028251	2339.1	3898.6	25.814	10.529	14.976	1765.2	-0.48159	10.150	0.22513	supercritical
0.10000	55.400	35.489	0.028178	2338.9	3900.0	25.798	10.531	14.977	1767.0	-0.48189	10.159	0.22535	supercritical
0.10000	55.600	35.580	0.028106	2338.8	3901.5	25.783	10.532	14.977	1768.7	-0.48218	10.168	0.22557	supercritical
0.10000	55.800	35.670	0.028034	2338.6	3902.9	25.768	10.534	14.978	1770.4	-0.48247	10.176	0.22578	supercritical
0.10000	56.000	35.761	0.027963	2338.4	3904.3	25.752	10.535	14.979	1772.2	-0.48276	10.185	0.22600	supercritical
0.10000	56.200	35.852	0.027893	2338.2	3905.8	25.737	10.537	14.980	1773.9	-0.48305	10.193	0.22622	supercritical
0.10000	56.400	35.942	0.027823	2338.0	3907.2	25.722	10.538	14.980	1775.7	-0.48334	10.202	0.22644	supercritical
0.10000	56.600	36.032	0.027753	2337.9	3908.7	25.707	10.540	14.981	1777.4	-0.48362	10.211	0.22666	supercritical
0.10000	56.800	36.122	0.027684	2337.7	3910.1	25.692	10.541	14.982	1779.2	-0.48391	10.219	0.22687	supercritical
0.10000	57.000	36.211	0.027616	2337.5	3911.6	25.677	10.543	14.983	1780.9	-0.48419	10.228	0.22709	supercritical
0.10000	57.200	36.301	0.027547	2337.3	3913.0	25.662	10.544	14.983	1782.6	-0.48447	10.236	0.22731	supercritical
0.10000	57.400	36.390	0.027480	2337.1	3914.5	25.648	10.546	14.984	1784.4	-0.48474	10.245	0.22753	supercritical
0.10000	57.600	36.480	0.027413	2337.0	3915.9	25.633	10.547	14.985	1786.1	-0.48502	10.254	0.22775	supercritical
0.10000	57.800	36.569	0.027346	2336.8	3917.4	25.618	10.549	14.986	1787.8	-0.48529	10.262	0.22797	supercritical
0.10000	58.000	36.657	0.027280	2336.6	3918.9	25.603	10.550	14.986	1789.6	-0.48556	10.271	0.22819	supercritical
0.10000	58.200	36.746	0.027214	2336.5	3920.3	25.589	10.552	14.987	1791.3	-0.48583	10.280	0.22841	supercritical
0.10000	58.400	36.834	0.027149	2336.3	3921.8	25.574	10.553	14.988	1793.0	-0.48610	10.288	0.22863	supercritical
0.10000	58.600	36.923	0.027084	2336.1	3923.2	25.560	10.555	14.988	1794.8	-0.48637	10.297	0.22884	supercritical
0.10000	58.800	37.011	0.027019	2336.0	3924.7	25.545	10.556	14.989	1796.5	-0.48663	10.305	0.22906	supercritical
0.10000	59.000	37.099	0.026955	2335.8	3926.1	25.531	10.557	14.990	1798.2	-0.48689	10.314	0.22928	supercritical
0.10000	59.200	37.186	0.026892	2335.6	3927.6	25.516	10.559	14.990	1800.0	-0.48715	10.323	0.22950	supercritical
0.10000	59.400	37.274	0.026828	2335.5	3929.1	25.502	10.560	14.991	1801.7	-0.48741	10.331	0.22972	supercritical
0.10000	59.600	37.361	0.026766	2335.3	3930.5	25.488	10.562	14.992	1803.4	-0.48767	10.340	0.22994	supercritical
0.10000	59.800	37.448	0.026703	2335.1	3932.0	25.474	10.563	14.992	1805.1	-0.48793	10.349	0.23017	supercritical
0.10000	60.000	37.535	0.026641	2335.0	3933.4	25.460	10.565	14.993	1806.8	-0.48818	10.357	0.23039	supercritical
0.10000	60.200	37.622	0.026580	2334.8	3934.9	25.445	10.566	14.994	1808.6	-0.48843	10.366	0.23061	supercritical
0.10000	60.400	37.709	0.026519	2334.6	3936.4	25.431	10.568	14.994	1810.3	-0.48868	10.375	0.23083	supercritical
0.10000	60.600	37.796	0.026458	2334.5	3937.8	25.417	10.569	14.995	1812.0	-0.48893	10.383	0.23105	supercritical
0.10000	60.800	37.882	0.026398	2334.3	3939.3	25.403	10.571	14.996	1813.7	-0.48918	10.392	0.23127	supercritical
0.10000	61.000	37.968	0.026338	2334.2	3940.8	25.389	10.572	14.996	1815.4	-0.48942	10.401	0.23149	supercritical
0.10000	61.200	38.054	0.026278	2334.0	3942.2	25.376	10.573	14.997	1817.2	-0.48967	10.409	0.23171	supercritical
0.10000	61.400	38.140	0.026219	2333.9	3943.7	25.362	10.575	14.998	1818.9	-0.48991	10.418	0.23193	supercritical
0.10000	61.600	38.226	0.026161	2333.7	3945.2	25.348	10.576	14.998	1820.6	-0.49015	10.427	0.23216	supercritical
0.10000	61.800	38.311	0.026102	2333.5	3946.7	25.334	10.578	14.999	1822.3	-0.49039	10.436	0.23238	supercritical
0.10000	62.000	38.396	0.026044	2333.4	3948.1	25.320	10.579	14.999	1824.0	-0.49063	10.444	0.23260	supercritical
0.10000	62.200	38.481	0.025987	2333.2	3949.6	25.307	10.581	15.000	1825.7	-0.49086	10.453	0.23282	supercritical
0.10000	62.400	38.566	0.025929	2333.1	3951.1	25.293	10.582	15.001	1827.4	-0.49110	10.462	0.23305	supercritical
0.10000	62.600	38.651	0.025872	2332.9	3952.5	25.280	10.584	15.001	1829.1	-0.49133	10.470	0.23327	supercritical
0.10000	62.800	38.736	0.025816	2332.8	3954.0	25.266	10.585	15.002	1830.8	-0.49156	10.479	0.23349	supercritical
0.10000	63.000	38.820	0.025760	2332.6	3955.5	25.253	10.586	15.002	1832.5	-0.49179	10.488	0.23371	supercritical
0.10000	63.200	38.905	0.025704	2332.5	3957.0	25.239	10.588	15.003	1834.2	-0.49202	10.496	0.23394	supercritical
0.10000	63.400	38.989	0.025648	2332.3	3958.4	25.226	10.589	15.004	1835.9	-0.49225	10.505	0.23416	supercritical
0.10000	63.600	39.073	0.025593	2332.2	3959.9	25.212	10.591	15.004	1837.6	-0.49247	10.514	0.23438	supercritical
0.10000	63.800	39.157	0.025538	2332.1	3961.4	25.199	10.592	15.005	1839.3	-0.49270	10.523	0.23461	supercritical
0.10000	64.000	39.240	0.025484	2331.9	3962.9	25.186	10.594	15.005	1841.0	-0.49292	10.531	0.23483	supercritical
0.10000	64.200	39.324	0.025430	2331.8	3964.4	25.173	10.595	15.006	1842.7	-0.49314	10.540	0.23506	supercritical
0.10000	64.400	39.407	0.025376	2331.6	3965.8	25.160	10.596	15.006	1844.4	-0.49336	10.549	0.23528	supercritical
0.10000	64.600	39.490	0.025323	2331.5	3967.3	25.146	10.598	15.007	1846.1	-0.49358	10.558	0.23551	supercritical
0.10000	64.800	39.573	0.025270	2331.3	3968.8	25.133	10.599	15.007	1847.8	-0.49379	10.566	0.23573	supercritical
0.10000	65.000	39.656	0.025217	2331.2	3970.3	25.120	10.601	15.008	1849.5	-0.49401	10.575	0.23596	supercritical
0.10000	65.200	39.739	0.025164	2331.1	3971.8	25.107	10.602	15.009	1851.2	-0.49422	10.584	0.23618	supercritical
0.10000	65.400	39.821	0.025112	2330.9	3973.3	25.094	10.604	15.009	1852.9	-0.49443	10.593	0.23641	supercritical
0.10000	65.600	39.904	0.025060	2330.8	3974.7	25.081	10.605	15.010	1854.6	-0.49464	10.601	0.23663	supercritical
0.10000	65.800	39.986	0.025009	2330.6	3976.2	25.068	10.606	15.010	1856.3	-0.49485	10.610	0.23686	supercritical
0.10000	66.000	40.068	0.024958	2330.5	3977.7	25.056	10.608	15.011	1858.0	-0.49506	10.619	0.23709	supercritical
0.10000	66.200	40.150	0.024907	2330.4	3979.2	25.043	10.609	15.011	1859.7	-0.49527	10.628	0.23731	supercritical
0.10000	66.400	40.232	0.024856	2330.2	3980.7	25.030	10.611	15.012	1861.3	-0.49547	10.636	0.23754	supercritical
0.10000	66.600	40.313	0.024806	2330.1	3982.2	25.017	10.612	15.012	1863.0	-0.49567	10.645	0.23777	supercritical
0.10000	66.800	40.395	0.024756	2330.0	3983.7	25.005	10.614	15.013	1864.7	-0.49588	10.654	0.23799	supercritical
0.10000	67.000	40.476	0.024706	2329.9	3985.2	24.992	10.615	15.013	1866.4	-0.49608	10.663	0.23822	supercritical
0.10000	67.200	40.557	0.024657	2329.7	3986.6	24.979	10.616	15.014	1868.1	-0.49628	10.671	0.23845	supercritical
0.10000	67.400	40.638	0.024607	2329.6	3988.1	24.967	10.618	15.014	1869.7	-0.49647	10.680	0.23868	supercritical
0.10000	67.600	40.719	0.024559	2329.5	3989.6	24.954	10.619	15.015	1871.4	-0.49667	10.689	0.23890	supercritical
0.10000	67.800	40.800	0.024510	2329.3	3991.1	24.942	10.621	15.015	1873.1	-0.49687	10.698	0.23913	supercritical
0.10000	68.000	40.880	0.024462	2329.2	3992.6	24.929	10.622	15.016	1874.8	-0.49706	10.706	0.23936	supercritical
0.10000	68.200	40.961	0.024414	2329.1	3994.1	24.917	10.623	15.016	1876.5	-0.49725	10.715	0.23959	supercritical
0.10000	68.400	41.041	0.024366	2329.0	3995.6	24.904	10.625	15.017	1878.1	-0.49744	10.724	0.23982	supercritical
0.10000	68.600	41.121	0.024319	2328.8	3997.1	24.892	10.626	15.017	1879.8	-0.49763	10.733	0.24005	supercritical
0.10000	68.800	41.201	0.024271	2328.7	3998.6	24.880	10.628	15.018	1881.5	-0.49782	10.741	0.24028	supercritical
0.10000	69.000	41.280	0.024225	2328.6	4000.1	24.868	10.629	15.018	1883.1	-0.49801	10.750	0.24051	supercritical
0.10000	69.200	41.360	0.024178	2328.5	4001.6	24.855	10.630	15.018	1884.8	-0.49820	10.759	0.24074	supercritical
0.10000	69.400	41.440	0.024132	2328.3	4003.1	24.843	10.632	15.019	1886.5	-0.49838	10.768	0.24097	supercritical
0.10000	69.600	41.519	0.024085	2328.2	4004.6	24.831	10.633	15.019	1888.1	-0.49857	10.777	0.24120	supercritical
0.10000	69.800	41.598	0.024040	2328.1	4006.1	24.819	10.635	15.020	1889.8	-0.49875	10.785	0.24143	supercritical
0.10000	70.000	41.677	0.023994	2328.0	4007.6	24.807	10.636	15.020	1891.5	-0.49893	10.794	0.24166	supercritical
0.10000	70.200	41.756	0.023949	2327.9	4009.1	24.795	10.637	15.021	1893.1	-0.49911	10.803	0.24189	supercritical
0.10000	70.400	41.835	0.023904	2327.7	4010.6	24.783	10.639	15.021	1894.8	-0.49929	10.812	0.24213	supercritical
0.10000	70.600	41.913	0.023859	2327.6	4012.1	24.771	10.640	15.022	1896.5	-0.49946	10.821	0.24236	supercritical
0.10000	70.800	41.992	0.023814	2327.5	4013.6	24.759	10.642	15.022	1898.1	-0.49964	10.829	0.24259	supercritical
0.10000	71.000	42.070	0.023770	2327.4	4015.1	24.747	10.643	15.022	1899.8	-0.49982	10.838	0.24282	supercritical
0.10000	71.200	42.148	0.023726	2327.3	4016.6	24.735	10.644	15.023	1901.4	-0.49999	10.847	0.24306	supercritical
0.10000	71.400	42.226	0.023682	2327.2	4018.1	24.723	10.646	15.023	1903.1	-0.50016	10.856	0.24329	supercritical
0.10000	71.600	42.304	0.023638	2327.1	4019.6	24.711	10.647	15.024	1904.7	-0.50033	10.865	0.24352	supercritical
0.10000	71.800	42.382	0.023595	2326.9	4021.1	24.699	10.648	15.024	1906.4	-0.50050	10.873	0.24376	supercritical
0.10000	72.000	42.459	0.023552	2326.8	4022.6	24.688	10.650	15.025	1908.1	-0.50067	10.882	0.24399	supercritical
0.10000	72.200	42.537	0.023509	2326.7	4024.1	24.676	10.651	15.025	1909.7	-0.50084	10.891	0.24423	supercritical
0.10000	72.400	42.614	0.023466	2326.6	4025.6	24.664	10.653	15.025	1911.4	-0.50101	10.900	0.24446	supercritical
0.10000	72.600	42.691	0.023424	2326.5	4027.1	24.653	10.654	15.026	1913.0	-0.50117	10.909	0.24470	supercritical
0.10000	72.800	42.768	0.023382	2326.4	4028.6	24.641	10.655	15.026	1914.7	-0.50133	10.917	0.24493	supercritical
0.10000	73.000	42.845	0.023340	2326.3	4030.1	24.629	10.657	15.027	1916.3	-0.50150	10.926	0.24517	supercritical
0.10000	73.200	42.922	0.023298	2326.2	4031.6	24.618	10.658	15.027	1917.9	-0.50166	10.935	0.24541	supercritical
0.10000	73.400	42.998	0.023257	2326.1	4033.1	24.606	10.659	15.027	1919.6	-0.50182	10.944	0.24564	supercritical
0.10000	73.600	43.075	0.023215	2326.0	4034.6	24.595	10.661	15.028	1921.2	-0.50198	10.953	0.24588	supercritical
0.10000	73.800	43.151	0.023174	2325.9	4036.1	24.583	10.662	15.028	1922.9	-0.50214	10.962	0.24612	supercritical
0.10000	74.000	43.227	0.023134	2325.8	4037.7	24.572	10.664	15.029	1924.5	-0.50230	10.970	0.24636	supercritical
0.10000	74.200	43.303	0.023093	2325.7	4039.2	24.561	10.665	15.029	1926.2	-0.50245	10.979	0.24659	supercritical
0.10000	74.400	43.379	0.023053	2325.6	4040.7	24.549	10.666	15.029	1927.8	-0.50261	10.988	0.24683	supercritical
0.10000	74.600	43.455	0.023012	2325.5	4042.2	24.538	10.668	15.030	1929.4	-0.50276	10.997	0.24707	supercritical
0.10000	74.800	43.531	0.022972	2325.4	4043.7	24.527	10.669	15.030	1931.1	-0.50291	11.006	0.24731	supercritical
0.10000	75.000	43.606	0.022933	2325.3	4045.2	24.515	10.670	15.030	1932.7	-0.50307	11.014	0.24755	supercritical
0.10000	75.200	43.681	0.022893	2325.2	4046.7	24.504	10.672	15.031	1934.3	-0.50322	11.023	0.24779	supercritical
0.10000	75.400	43.757	0.022854	2325.1	4048.2	24.493	10.673	15.031	1936.0	-0.50337	11.032	0.24803	supercritical
0.10000	75.600	43.832	0.022815	2325.0	4049.7	24.482	10.675	15.032	1937.6	-0.50351	11.041	0.24827	supercritical
0.10000	75.800	43.907	0.022776	2324.9	4051.3	24.471	10.676	15.032	1939.2	-0.50366	11.050	0.24851	supercritical
0.10000	76.000	43.981	0.022737	2324.8	4052.8	24.459	10.677	15.032	1940.9	-0.50381	11.059	0.24875	supercritical
0.10000	76.200	44.056	0.022698	2324.7	4054.3	24.448	10.679	15.033	1942.5	-0.50395	11.067	0.24900	supercritical
0.10000	76.400	44.131	0.022660	2324.6	4055.8	24.437	10.680	15.033	1944.1	-0.50410	11.076	0.24924	supercritical
0.10000	76.600	44.205	0.022622	2324.5	4057.3	24.426	10.681	15.033	1945.7	-0.50424	11.085	0.24948	supercritical
0.10000	76.800	44.279	0.022584	2324.4	4058.8	24.415	10.683	15.034	1947.4	-0.50438	11.094	0.24973	supercritical
0.10000	77.000	44.354	0.022546	2324.3	4060.4	24.404	10.684	15.034	1949.0	-0.50452	11.103	0.24997	supercritical
0.10000	77.200	44.428	0.022509	2324.2	4061.9	24.393	10.685	15.034	1950.6	-0.50466	11.112	0.25021	supercritical
0.10000	77.400	44.501	0.022471	2324.1	4063.4	24.382	10.687	15.035	1952.2	-0.50480	11.121	0.25046	supercritical
0.10000	77.600	44.575	0.022434	2324.0	4064.9	24.372	10.688	15.035	1953.8	-0.50494	11.129	0.25070	supercritical
0.10000	77.800	44.649	0.022397	2323.9	4066.4	24.361	10.689	15.035	1955.5	-0.50508	11.138	0.25095	supercritical
0.10000	78.000	44.722	0.022360	2323.9	4067.9	24.350	10.691	15.036	1957.1	-0.50521	11.147	0.25119	supercritical
0.10000	78.200	44.796	0.022324	2323.8	4069.5	24.339	10.692	15.036	1958.7	-0.50535	11.156	0.25144	supercritical
0.10000	78.400	44.869	0.022287	2323.7	4071.0	24.328	10.693	15.036	1960.3	-0.50548	11.165	0.25169	supercritical
0.10000	78.600	44.942	0.022251	2323.6	4072.5	24.318	10.695	15.037	1961.9	-0.50562	11.174	0.25193	supercritical
0.10000	78.800	45.015	0.022215	2323.5	4074.0	24.307	10.696	15.037	1963.5	-0.50575	11.182	0.25218	supercritical
0.10000	79.000	45.088	0.022179	2323.4	4075.5	24.296	10.697	15.037	1965.2	-0.50588	11.191	0.25243	supercritical
0.10000	79.200	45.161	0.022143	2323.3	4077.1	24.286	10.699	15.038	1966.8	-0.50601	11.200	0.25268	supercritical
0.10000	79.400	45.233	0.022108	2323.2	4078.6	24.275	10.700	15.038	1968.4	-0.50614	11.209	0.25293	supercritical
0.10000	79.600	45.306	0.022072	2323.2	4080.1	24.264	10.701	15.038	1970.0	-0.50627	11.218	0.25318	supercritical
0.10000	79.800	45.378	0.022037	2323.1	4081.6	24.254	10.703	15.039	1971.6	-0.50639	11.227	0.25343	supercritical
0.10000	80.000	45.450	0.022002	2323.0	4083.2	24.243	10.704	15.039	1973.2	-0.50652	11.236	0.25368	supercritical
0.10000	80.200	45.522	0.021967	2322.9	4084.7	24.233	10.705	15.039	1974.8	-0.50665	11.244	0.25393	supercritical
0.10000	80.400	45.594	0.021932	2322.8	4086.2	24.222	10.707	15.040	1976.4	-0.50677	11.253	0.25418	supercritical
0.10000	80.600	45.666	0.021898	2322.8	4087.7	24.212	10.708	15.040	1978.0	-0.50689	11.262	0.25443	supercritical
0.10000	80.800	45.738	0.021864	2322.7	4089.3	24.201	10.709	15.040	1979.6	-0.50702	11.271	0.25468	supercritical
0.10000	81.000	45.810	0.021829	2322.6	4090.8	24.191	10.711	15.041	1981.2	-0.50714	11.280	0.25493	supercritical
0.10000	81.200	45.881	0.021795	2322.5	4092.3	24.181	10.712	15.041	1982.8	-0.50726	11.289	0.25519	supercritical
0.10000	81.400	45.953	0.021762	2322.4	4093.8	24.170	10.713	15.041	1984.4	-0.50738	11.298	0.25544	supercritical
0.10000	81.600	46.024	0.021728	2322.4	4095.4	24.160	10.715	15.041	1986.0	-0.50750	11.307	0.25569	supercritical
0.10000	81.800	46.095	0.021694	2322.3	4096.9	24.150	10.716	15.042	1987.6	-0.50762	11.315	0.25595	supercritical
0.10000	82.000	46.166	0.021661	2322.2	4098.4	24.139	10.717	15.042	1989.2	-0.50773	11.324	0.25620	supercritical
0.10000	82.200	46.237	0.021628	2322.1	4099.9	24.129	10.719	15.042	1990.8	-0.50785	11.333	0.25646	supercritical
0.10000	82.400	46.308	0.021595	2322.1	4101.5	24.119	10.720	15.043	1992.4	-0.50796	11.342	0.25672	supercritical
0.10000	82.600	46.378	0.021562	2322.0	4103.0	24.109	10.721	15.043	1994.0	-0.50808	11.351	0.25697	supercritical
0.10000	82.800	46.449	0.021529	2321.9	4104.5	24.098	10.723	15.043	1995.6	-0.50819	11.360	0.25723	supercritical
0.10000	83.000	46.519	0.021497	2321.8	4106.1	24.088	10.724	15.043	1997.1	-0.50830	11.369	0.25749	supercritical
0.10000	83.200	46.589	0.021464	2321.8	4107.6	24.078	10.725	15.044	1998.7	-0.50842	11.377	0.25775	supercritical
0.10000	83.400	46.660	0.021432	2321.7	4109.1	24.068	10.727	15.044	2000.3	-0.50853	11.386	0.25800	supercritical
0.10000	83.600	46.730	0.021400	2321.6	4110.6	24.058	10.728	15.044	2001.9	-0.50864	11.395	0.25826	supercritical
0.10000	83.800	46.799	0.021368	2321.6	4112.2	24.048	10.729	15.045	2003.5	-0.50875	11.404	0.25852	supercritical
0.10000	84.000	46.869	0.021336	2321.5	4113.7	24.038	10.731	15.045	2005.1	-0.50885	11.413	0.25878	supercritical
0.10000	84.200	46.939	0.021304	2321.4	4115.2	24.028	10.732	15.045	2006.6	-0.50896	11.422	0.25904	supercritical
0.10000	84.400	47.009	0.021273	2321.4	4116.8	24.018	10.733	15.045	2008.2	-0.50907	11.431	0.25931	supercritical
0.10000	84.600	47.078	0.021241	2321.3	4118.3	24.008	10.734	15.046	2009.8	-0.50917	11.440	0.25957	supercritical
0.10000	84.800	47.147	0.021210	2321.2	4119.8	23.998	10.736	15.046	2011.4	-0.50928	11.448	0.25983	supercritical
0.10000	85.000	47.217	0.021179	2321.2	4121.4	23.988	10.737	15.046	2013.0	-0.50938	11.457	0.26009	supercritical
0.10000	85.200	47.286	0.021148	2321.1	4122.9	23.978	10.738	15.046	2014.5	-0.50949	11.466	0.26036	supercritical
0.10000	85.400	47.355	0.021117	2321.0	4124.4	23.968	10.740	15.047	2016.1	-0.50959	11.475	0.26062	supercritical
0.10000	85.600	47.424	0.021087	2321.0	4126.0	23.959	10.741	15.047	2017.7	-0.50969	11.484	0.26089	supercritical
0.10000	85.800	47.492	0.021056	2320.9	4127.5	23.949	10.742	15.047	2019.3	-0.50979	11.493	0.26115	supercritical
0.10000	86.000	47.561	0.021026	2320.8	4129.0	23.939	10.744	15.047	2020.8	-0.50989	11.502	0.26142	supercritical
0.10000	86.200	47.630	0.020995	2320.8	4130.6	23.929	10.745	15.048	2022.4	-0.50999	11.511	0.26168	supercritical
0.10000	86.400	47.698	0.020965	2320.7	4132.1	23.920	10.746	15.048	2024.0	-0.51009	11.520	0.26195	supercritical
0.10000	86.600	47.766	0.020935	2320.6	4133.6	23.910	10.747	15.048	2025.5	-0.51018	11.528	0.26222	supercritical
0.10000	86.800	47.834	0.020905	2320.6	4135.2	23.900	10.749	15.048	2027.1	-0.51028	11.537	0.26249	supercritical
0.10000	87.000	47.903	0.020876	2320.5	4136.7	23.890	10.750	15.049	2028.7	-0.51038	11.546	0.26275	supercritical
0.10000	87.200	47.971	0.020846	2320.5	4138.2	23.881	10.751	15.049	2030.2	-0.51047	11.555	0.26302	supercritical
0.10000	87.400	48.038	0.020817	2320.4	4139.8	23.871	10.753	15.049	2031.8	-0.51057	11.564	0.26329	supercritical
0.10000	87.600	48.106	0.020787	2320.3	4141.3	23.862	10.754	15.049	2033.4	-0.51066	11.573	0.26356	supercritical
0.10000	87.800	48.174	0.020758	2320.3	4142.9	23.852	10.755	15.050	2034.9	-0.51075	11.582	0.26384	supercritical
0.10000	88.000	48.241	0.020729	2320.2	4144.4	23.842	10.757	15.050	2036.5	-0.51084	11.591	0.26411	supercritical
0.10000	88.200	48.309	0.020700	2320.2	4145.9	23.833	10.758	15.050	2038.0	-0.51094	11.600	0.26438	supercritical
0.10000	88.400	48.376	0.020671	2320.1	4147.5	23.823	10.759	15.050	2039.6	-0.51103	11.608	0.26465	supercritical
0.10000	88.600	48.443	0.020643	2320.1	4149.0	23.814	10.760	15.051	2041.1	-0.51112	11.617	0.26493	supercritical
0.10000	88.800	48.510	0.020614	2320.0	4150.5	23.804	10.762	15.051	2042.7	-0.51120	11.626	0.26520	supercritical
0.10000	89.000	48.577	0.020586	2320.0	4152.1	23.795	10.763	15.051	2044.3	-0.51129	11.635	0.26548	supercritical
0.10000	89.200	48.644	0.020557	2319.9	4153.6	23.786	10.764	15.051	2045.8	-0.51138	11.644	0.26575	supercritical
0.10000	89.400	48.711	0.020529	2319.8	4155.2	23.776	10.766	15.052	2047.4	-0.51147	11.653	0.26603	supercritical
0.10000	89.600	48.778	0.020501	2319.8	4156.7	23.767	10.767	15.052	2048.9	-0.51155	11.662	0.26631	supercritical
0.10000	89.800	48.844	0.020473	2319.7	4158.2	23.757	10.768	15.052	2050.5	-0.51164	11.671	0.26658	supercritical
0.10000	90.000	48.911	0.020445	2319.7	4159.8	23.748	10.769	15.052	2052.0	-0.51172	11.680	0.26686	supercritical
0.10000	90.200	48.977	0.020418	2319.6	4161.3	23.739	10.771	15.052	2053.6	-0.51181	11.689	0.26714	supercritical
0.10000	90.400	49.043	0.020390	2319.6	4162.9	23.729	10.772	15.053	2055.1	-0.51189	11.697	0.26742	supercritical
0.10000	90.600	49.109	0.020363	2319.5	4164.4	23.720	10.773	15.053	2056.6	-0.51197	11.706	0.26770	supercritical
0.10000	90.800	49.175	0.020335	2319.5	4166.0	23.711	10.774	15.053	2058.2	-0.51205	11.715	0.26798	supercritical
0.10000	91.000	49.241	0.020308	2319.4	4167.5	23.702	10.776	15.053	2059.7	-0.51213	11.724	0.26826	supercritical
0.10000	91.200	49.307	0.020281	2319.4	4169.0	23.693	10.777	15.054	2061.3	-0.51221	11.733	0.26854	supercritical
0.10000	91.400	49.373	0.020254	2319.4	4170.6	23.683	10.778	15.054	2062.8	-0.51229	11.742	0.26883	supercritical
0.10000	91.600	49.438	0.020227	2319.3	4172.1	23.674	10.780	15.054	2064.3	-0.51237	11.751	0.26911	supercritical
0.10000	91.800	49.504	0.020200	2319.3	4173.7	23.665	10.781	15.054	2065.9	-0.51245	11.760	0.26940	supercritical
0.10000	92.000	49.569	0.020174	2319.2	4175.2	23.656	10.782	15.054	2067.4	-0.51253	11.769	0.26968	supercritical
0.10000	92.200	49.634	0.020147	2319.2	4176.7	23.647	10.783	15.055	2069.0	-0.51260	11.778	0.26997	supercritical
0.10000	92.400	49.700	0.020121	2319.1	4178.3	23.638	10.785	15.055	2070.5	-0.51268	11.787	0.27025	supercritical
0.10000	92.600	49.765	0.020095	2319.1	4179.8	23.629	10.786	15.055	2072.0	-0.51276	11.795	0.27054	supercritical
0.10000	92.800	49.830	0.020068	2319.0	4181.4	23.620	10.787	15.055	2073.6	-0.51283	11.804	0.27083	supercritical
0.10000	93.000	49.895	0.020042	2319.0	4182.9	23.611	10.788	15.055	2075.1	-0.51290	11.813	0.27112	supercritical
0.10000	93.200	49.959	0.020016	2318.9	4184.5	23.602	10.790	15.056	2076.6	-0.51298	11.822	0.27140	supercritical
0.10000	93.400	50.024	0.019990	2318.9	4186.0	23.593	10.791	15.056	2078.1	-0.51305	11.831	0.27169	supercritical
0.10000	93.600	50.088	0.019965	2318.9	4187.6	23.584	10.792	15.056	2079.7	-0.51312	11.840	0.27198	supercritical
0.10000	93.800	50.153	0.019939	2318.8	4189.1	23.575	10.793	15.056	2081.2	-0.51319	11.849	0.27228	supercritical
0.10000	94.000	50.217	0.019913	2318.8	4190.6	23.566	10.795	15.056	2082.7	-0.51326	11.858	0.27257	supercritical
0.10000	94.200	50.282	0.019888	2318.7	4192.2	23.557	10.796	15.057	2084.2	-0.51333	11.867	0.27286	supercritical
0.10000	94.400	50.346	0.019863	2318.7	4193.7	23.548	10.797	15.057	2085.8	-0.51340	11.876	0.27315	supercritical
0.10000	94.600	50.410	0.019837	2318.7	4195.3	23.539	10.798	15.057	2087.3	-0.51347	11.885	0.27345	supercritical
0.10000	94.800	50.474	0.019812	2318.6	4196.8	23.530	10.800	15.057	2088.8	-0.51354	11.894	0.27374	supercritical
0.10000	95.000	50.538	0.019787	2318.6	4198.4	23.521	10.801	15.057	2090.3	-0.51361	11.902	0.27404	supercritical
0.10000	95.200	50.601	0.019762	2318.6	4199.9	23.513	10.802	15.058	2091.9	-0.51367	11.911	0.27434	supercritical
0.10000	95.400	50.665	0.019737	2318.5	4201.5	23.504	10.803	15.058	2093.4	-0.51374	11.920	0.27463	supercritical
0.10000	95.600	50.729	0.019713	2318.5	4203.0	23.495	10.805	15.058	2094.9	-0.51381	11.929	0.27493	supercritical
0.10000	95.800	50.792	0.019688	2318.4	4204.6	23.486	10.806	15.058	2096.4	-0.51387	11.938	0.27523	supercritical
0.10000	96.000	50.855	0.019664	2318.4	4206.1	23.477	10.807	15.058	2097.9	-0.51393	11.947	0.27553	supercritical
0.10000	96.200	50.919	0.019639	2318.4	4207.7	23.469	10.808	15.059	2099.4	-0.51400	11.956	0.27583	supercritical
0.10000	96.400	50.982	0.019615	2318.3	4209.2	23.460	10.810	15.059	2100.9	-0.51406	11.965	0.27613	supercritical
0.10000	96.600	51.045	0.019591	2318.3	4210.8	23.451	10.811	15.059	2102.4	-0.51412	11.974	0.27643	supercritical
0.10000	96.800	51.108	0.019566	2318.3	4212.3	23.443	10.812	15.059	2104.0	-0.51418	11.983	0.27673	supercritical
0.10000	97.000	51.171	0.019542	2318.2	4213.9	23.434	10.813	15.059	2105.5	-0.51425	11.992	0.27704	supercritical
0.10000	97.200	51.234	0.019518	2318.2	4215.4	23.425	10.815	15.059	2107.0	-0.51431	12.001	0.27734	supercritical
0.10000	97.400	51.296	0.019495	2318.2	4217.0	23.417	10.816	15.060	2108.5	-0.51437	12.010	0.27765	supercritical
0.10000	97.600	51.359	0.019471	2318.2	4218.5	23.408	10.817	15.060	2110.0	-0.51443	12.019	0.27795	supercritical
0.10000	97.800	51.421	0.019447	2318.1	4220.1	23.400	10.818	15.060	2111.5	-0.51448	12.027	0.27826	supercritical
0.10000	98.000	51.484	0.019424	2318.1	4221.6	23.391	10.820	15.060	2113.0	-0.51454	12.036	0.27857	supercritical
0.10000	98.200	51.546	0.019400	2318.1	4223.2	23.383	10.821	15.060	2114.5	-0.51460	12.045	0.27887	supercritical
0.10000	98.400	51.608	0.019377	2318.0	4224.7	23.374	10.822	15.061	2116.0	-0.51466	12.054	0.27918	supercritical
0.10000	98.600	51.670	0.019353	2318.0	4226.3	23.366	10.823	15.061	2117.5	-0.51471	12.063	0.27949	supercritical
0.10000	98.800	51.732	0.019330	2318.0	4227.8	23.357	10.825	15.061	2119.0	-0.51477	12.072	0.27980	supercritical
0.10000	99.000	51.794	0.019307	2318.0	4229.4	23.349	10.826	15.061	2120.5	-0.51482	12.081	0.28011	supercritical
0.10000	99.200	51.856	0.019284	2317.9	4230.9	23.340	10.827	15.061	2122.0	-0.51488	12.090	0.28043	supercritical
0.10000	99.400	51.918	0.019261	2317.9	4232.5	23.332	10.828	15.061	2123.5	-0.51493	12.099	0.28074	supercritical
0.10000	99.600	51.980	0.019238	2317.9	4234.0	23.323	10.829	15.062	2125.0	-0.51499	12.108	0.28105	supercritical
0.10000	99.800	52.041	0.019216	2317.8	4235.6	23.315	10.831	15.062	2126.5	-0.51504	12.117	0.28137	supercritical
0.10000	100.00	52.103	0.019193	2317.8	4237.1	23.307	10.832	15.062	2128.0	-0.51509	12.126	0.28168	supercritical
0.10000	100.20	52.164	0.019170	2317.8	4238.7	23.298	10.833	15.062	2129.4	-0.51514	12.135	0.28200	supercritical
0.10000	100.40	52.225	0.019148	2317.8	4240.2	23.290	10.834	15.062	2130.9	-0.51519	12.144	0.28232	supercritical
0.10000	100.60	52.286	0.019125	2317.8	4241.8	23.282	10.836	15.062	2132.4	-0.51524	12.153	0.28263	supercritical
0.10000	100.80	52.348	0.019103	2317.7	4243.3	23.273	10.837	15.063	2133.9	-0.51529	12.162	0.28295	supercritical
0.10000	101.00	52.409	0.019081	2317.7	4244.9	23.265	10.838	15.063	2135.4	-0.51534	12.171	0.28327	supercritical
0.10000	101.20	52.469	0.019059	2317.7	4246.4	23.257	10.839	15.063	2136.9	-0.51539	12.179	0.28359	supercritical
0.10000	101.40	52.530	0.019037	2317.7	4248.0	23.248	10.840	15.063	2138.4	-0.51544	12.188	0.28391	supercritical
0.10000	101.60	52.591	0.019015	2317.6	4249.5	23.240	10.842	15.063	2139.8	-0.51549	12.197	0.28424	supercritical
0.10000	101.80	52.652	0.018993	2317.6	4251.1	23.232	10.843	15.063	2141.3	-0.51554	12.206	0.28456	supercritical
0.10000	102.00	52.712	0.018971	2317.6	4252.6	23.224	10.844	15.064	2142.8	-0.51558	12.215	0.28488	supercritical
0.10000	102.20	52.773	0.018949	2317.6	4254.2	23.216	10.845	15.064	2144.3	-0.51563	12.224	0.28521	supercritical
0.10000	102.40	52.833	0.018928	2317.6	4255.7	23.207	10.846	15.064	2145.8	-0.51567	12.233	0.28553	supercritical
0.10000	102.60	52.893	0.018906	2317.5	4257.3	23.199	10.848	15.064	2147.2	-0.51572	12.242	0.28586	supercritical
0.10000	102.80	52.953	0.018885	2317.5	4258.9	23.191	10.849	15.064	2148.7	-0.51576	12.251	0.28619	supercritical
0.10000	103.00	53.014	0.018863	2317.5	4260.4	23.183	10.850	15.064	2150.2	-0.51581	12.260	0.28652	supercritical
0.10000	103.20	53.074	0.018842	2317.5	4262.0	23.175	10.851	15.065	2151.7	-0.51585	12.269	0.28684	supercritical
0.10000	103.40	53.134	0.018821	2317.5	4263.5	23.167	10.853	15.065	2153.1	-0.51589	12.278	0.28717	supercritical
0.10000	103.60	53.193	0.018799	2317.5	4265.1	23.159	10.854	15.065	2154.6	-0.51594	12.287	0.28751	supercritical
0.10000	103.80	53.253	0.018778	2317.4	4266.6	23.151	10.855	15.065	2156.1	-0.51598	12.296	0.28784	supercritical
0.10000	104.00	53.313	0.018757	2317.4	4268.2	23.143	10.856	15.065	2157.6	-0.51602	12.305	0.28817	supercritical
0.10000	104.20	53.372	0.018736	2317.4	4269.7	23.134	10.857	15.065	2159.0	-0.51606	12.314	0.28850	supercritical
0.10000	104.40	53.432	0.018715	2317.4	4271.3	23.126	10.859	15.066	2160.5	-0.51610	12.323	0.28884	supercritical
0.10000	104.60	53.491	0.018695	2317.4	4272.8	23.118	10.860	15.066	2162.0	-0.51614	12.332	0.28917	supercritical
0.10000	104.80	53.551	0.018674	2317.4	4274.4	23.110	10.861	15.066	2163.4	-0.51618	12.341	0.28951	supercritical
0.10000	105.00	53.610	0.018653	2317.4	4276.0	23.103	10.862	15.066	2164.9	-0.51622	12.350	0.28985	supercritical
0.10000	105.20	53.669	0.018633	2317.3	4277.5	23.095	10.863	15.066	2166.3	-0.51626	12.359	0.29018	supercritical
0.10000	105.40	53.728	0.018612	2317.3	4279.1	23.087	10.865	15.066	2167.8	-0.51630	12.368	0.29052	supercritical
0.10000	105.60	53.787	0.018592	2317.3	4280.6	23.079	10.866	15.066	2169.3	-0.51634	12.377	0.29086	supercritical
0.10000	105.80	53.846	0.018572	2317.3	4282.2	23.071	10.867	15.067	2170.7	-0.51637	12.386	0.29120	supercritical
0.10000	106.00	53.905	0.018551	2317.3	4283.7	23.063	10.868	15.067	2172.2	-0.51641	12.394	0.29155	supercritical
0.10000	106.20	53.963	0.018531	2317.3	4285.3	23.055	10.869	15.067	2173.6	-0.51644	12.403	0.29189	supercritical
0.10000	106.40	54.022	0.018511	2317.3	4286.8	23.047	10.871	15.067	2175.1	-0.51648	12.412	0.29223	supercritical
0.10000	106.60	54.081	0.018491	2317.3	4288.4	23.039	10.872	15.067	2176.6	-0.51652	12.421	0.29258	supercritical
0.10000	106.80	54.139	0.018471	2317.3	4290.0	23.031	10.873	15.067	2178.0	-0.51655	12.430	0.29292	supercritical
0.10000	107.00	54.197	0.018451	2317.3	4291.5	23.024	10.874	15.067	2179.5	-0.51658	12.439	0.29327	supercritical
0.10000	107.20	54.256	0.018431	2317.2	4293.1	23.016	10.875	15.068	2180.9	-0.51662	12.448	0.29362	supercritical
0.10000	107.40	54.314	0.018411	2317.2	4294.6	23.008	10.876	15.068	2182.4	-0.51665	12.457	0.29396	supercritical
0.10000	107.60	54.372	0.018392	2317.2	4296.2	23.000	10.878	15.068	2183.8	-0.51668	12.466	0.29431	supercritical
0.10000	107.80	54.430	0.018372	2317.2	4297.7	22.993	10.879	15.068	2185.3	-0.51672	12.475	0.29466	supercritical
0.10000	108.00	54.488	0.018353	2317.2	4299.3	22.985	10.880	15.068	2186.7	-0.51675	12.484	0.29502	supercritical
0.10000	108.20	54.546	0.018333	2317.2	4300.9	22.977	10.881	15.068	2188.2	-0.51678	12.493	0.29537	supercritical
0.10000	108.40	54.604	0.018314	2317.2	4302.4	22.969	10.882	15.069	2189.6	-0.51681	12.502	0.29572	supercritical
0.10000	108.60	54.662	0.018294	2317.2	4304.0	22.962	10.884	15.069	2191.0	-0.51684	12.511	0.29608	supercritical
0.10000	108.80	54.719	0.018275	2317.2	4305.5	22.954	10.885	15.069	2192.5	-0.51687	12.520	0.29643	supercritical
0.10000	109.00	54.777	0.018256	2317.2	4307.1	22.946	10.886	15.069	2193.9	-0.51690	12.529	0.29679	supercritical
0.10000	109.20	54.834	0.018237	2317.2	4308.6	22.939	10.887	15.069	2195.4	-0.51693	12.538	0.29714	supercritical
0.10000	109.40	54.892	0.018218	2317.2	4310.2	22.931	10.888	15.069	2196.8	-0.51696	12.547	0.29750	supercritical
0.10000	109.60	54.949	0.018199	2317.2	4311.8	22.923	10.889	15.069	2198.3	-0.51699	12.556	0.29786	supercritical
0.10000	109.80	55.006	0.018180	2317.2	4313.3	22.916	10.891	15.069	2199.7	-0.51701	12.565	0.29822	supercritical
0.10000	110.00	55.063	0.018161	2317.2	4314.9	22.908	10.892	15.070	2201.1	-0.51704	12.574	0.29858	supercritical
0.10000	110.20	55.120	0.018142	2317.2	4316.4	22.901	10.893	15.070	2202.6	-0.51707	12.583	0.29894	supercritical
0.10000	110.40	55.177	0.018123	2317.2	4318.0	22.893	10.894	15.070	2204.0	-0.51709	12.592	0.29931	supercritical
0.10000	110.60	55.234	0.018105	2317.2	4319.6	22.885	10.895	15.070	2205.4	-0.51712	12.601	0.29967	supercritical
0.10000	110.80	55.291	0.018086	2317.2	4321.1	22.878	10.896	15.070	2206.9	-0.51715	12.610	0.30003	supercritical
0.10000	111.00	55.348	0.018068	2317.2	4322.7	22.870	10.898	15.070	2208.3	-0.51717	12.619	0.30040	supercritical
0.10000	111.20	55.405	0.018049	2317.2	4324.2	22.863	10.899	15.070	2209.7	-0.51720	12.628	0.30077	supercritical
0.10000	111.40	55.461	0.018031	2317.2	4325.8	22.855	10.900	15.071	2211.2	-0.51722	12.637	0.30114	supercritical
0.10000	111.60	55.518	0.018012	2317.2	4327.3	22.848	10.901	15.071	2212.6	-0.51724	12.646	0.30150	supercritical
0.10000	111.80	55.574	0.017994	2317.2	4328.9	22.840	10.902	15.071	2214.0	-0.51727	12.655	0.30187	supercritical
0.10000	112.00	55.630	0.017976	2317.2	4330.5	22.833	10.904	15.071	2215.4	-0.51729	12.664	0.30225	supercritical
0.10000	112.20	55.687	0.017958	2317.2	4332.0	22.826	10.905	15.071	2216.9	-0.51731	12.673	0.30262	supercritical
0.10000	112.40	55.743	0.017939	2317.2	4333.6	22.818	10.906	15.071	2218.3	-0.51734	12.682	0.30299	supercritical
0.10000	112.60	55.799	0.017921	2317.2	4335.1	22.811	10.907	15.071	2219.7	-0.51736	12.691	0.30337	supercritical
0.10000	112.80	55.855	0.017903	2317.2	4336.7	22.803	10.908	15.072	2221.1	-0.51738	12.700	0.30374	supercritical
0.10000	113.00	55.911	0.017886	2317.2	4338.3	22.796	10.909	15.072	2222.6	-0.51740	12.709	0.30412	supercritical
0.10000	113.20	55.967	0.017868	2317.2	4339.8	22.789	10.910	15.072	2224.0	-0.51742	12.718	0.30449	supercritical
0.10000	113.40	56.023	0.017850	2317.2	4341.4	22.781	10.912	15.072	2225.4	-0.51744	12.727	0.30487	supercritical
0.10000	113.60	56.079	0.017832	2317.2	4342.9	22.774	10.913	15.072	2226.8	-0.51746	12.736	0.30525	supercritical
0.10000	113.80	56.134	0.017814	2317.2	4344.5	22.766	10.914	15.072	2228.2	-0.51748	12.745	0.30563	supercritical
0.10000	114.00	56.190	0.017797	2317.2	4346.1	22.759	10.915	15.072	2229.6	-0.51750	12.754	0.30601	supercritical
0.10000	114.20	56.245	0.017779	2317.2	4347.6	22.752	10.916	15.072	2231.1	-0.51752	12.763	0.30640	supercritical
0.10000	114.40	56.301	0.017762	2317.2	4349.2	22.745	10.917	15.073	2232.5	-0.51753	12.772	0.30678	supercritical
0.10000	114.60	56.356	0.017744	2317.2	4350.7	22.737	10.919	15.073	2233.9	-0.51755	12.781	0.30716	supercritical
0.10000	114.80	56.411	0.017727	2317.3	4352.3	22.730	10.920	15.073	2235.3	-0.51757	12.790	0.30755	supercritical
0.10000	115.00	56.467	0.017710	2317.3	4353.9	22.723	10.921	15.073	2236.7	-0.51759	12.799	0.30794	supercritical
0.10000	115.20	56.522	0.017692	2317.3	4355.4	22.716	10.922	15.073	2238.1	-0.51760	12.808	0.30832	supercritical
0.10000	115.40	56.577	0.017675	2317.3	4357.0	22.708	10.923	15.073	2239.5	-0.51762	12.817	0.30871	supercritical
0.10000	115.60	56.632	0.017658	2317.3	4358.5	22.701	10.924	15.073	2240.9	-0.51764	12.827	0.30910	supercritical
0.10000	115.80	56.687	0.017641	2317.3	4360.1	22.694	10.925	15.074	2242.3	-0.51765	12.836	0.30949	supercritical
0.10000	116.00	56.742	0.017624	2317.3	4361.7	22.687	10.927	15.074	2243.7	-0.51767	12.845	0.30988	supercritical
0.10000	116.20	56.796	0.017607	2317.3	4363.2	22.679	10.928	15.074	2245.2	-0.51768	12.854	0.31028	supercritical
0.10000	116.40	56.851	0.017590	2317.3	4364.8	22.672	10.929	15.074	2246.6	-0.51770	12.863	0.31067	supercritical
0.10000	116.60	56.906	0.017573	2317.3	4366.3	22.665	10.930	15.074	2248.0	-0.51771	12.872	0.31107	supercritical
0.10000	116.80	56.960	0.017556	2317.4	4367.9	22.658	10.931	15.074	2249.4	-0.51772	12.881	0.31146	supercritical
0.10000	117.00	57.015	0.017539	2317.4	4369.5	22.651	10.932	15.074	2250.8	-0.51774	12.890	0.31186	supercritical
0.10000	117.20	57.069	0.017523	2317.4	4371.0	22.644	10.933	15.074	2252.2	-0.51775	12.899	0.31226	supercritical
0.10000	117.40	57.123	0.017506	2317.4	4372.6	22.637	10.935	15.075	2253.6	-0.51776	12.908	0.31266	supercritical
0.10000	117.60	57.178	0.017489	2317.4	4374.2	22.630	10.936	15.075	2255.0	-0.51777	12.917	0.31306	supercritical
0.10000	117.80	57.232	0.017473	2317.4	4375.7	22.622	10.937	15.075	2256.3	-0.51779	12.926	0.31346	supercritical
0.10000	118.00	57.286	0.017456	2317.4	4377.3	22.615	10.938	15.075	2257.7	-0.51780	12.935	0.31386	supercritical
0.10000	118.20	57.340	0.017440	2317.4	4378.8	22.608	10.939	15.075	2259.1	-0.51781	12.944	0.31427	supercritical
0.10000	118.40	57.394	0.017423	2317.5	4380.4	22.601	10.940	15.075	2260.5	-0.51782	12.953	0.31467	supercritical
0.10000	118.60	57.448	0.017407	2317.5	4382.0	22.594	10.941	15.075	2261.9	-0.51783	12.962	0.31508	supercritical
0.10000	118.80	57.502	0.017391	2317.5	4383.5	22.587	10.943	15.075	2263.3	-0.51784	12.971	0.31549	supercritical
0.10000	119.00	57.555	0.017375	2317.5	4385.1	22.580	10.944	15.076	2264.7	-0.51785	12.980	0.31589	supercritical
0.10000	119.20	57.609	0.017358	2317.5	4386.6	22.573	10.945	15.076	2266.1	-0.51786	12.989	0.31630	supercritical
0.10000	119.40	57.663	0.017342	2317.5	4388.2	22.566	10.946	15.076	2267.5	-0.51787	12.998	0.31672	supercritical
0.10000	119.60	57.716	0.017326	2317.6	4389.8	22.559	10.947	15.076	2268.9	-0.51788	13.007	0.31713	supercritical
0.10000	119.80	57.770	0.017310	2317.6	4391.3	22.552	10.948	15.076	2270.3	-0.51788	13.017	0.31754	supercritical
0.10000	120.00	57.823	0.017294	2317.6	4392.9	22.545	10.949	15.076	2271.6	-0.51789	13.026	0.31795	supercritical
