Temperature (C)	Pressure (MPa)	Density (kg/m3)	Volume (m3/kg)	Internal Energy (kJ/kg)	Enthalpy (kJ/kg)	Entropy (J/g*K)	Cv (J/g*K)	Cp (J/g*K)	Sound Spd. (m/s)	Joule-Thomson (K/MPa)	Viscosity (uPa*s)	Therm. Cond. (W/m*K)	Phase
0.010000	0.10000	999.84	0.0010002	0.0018429	0.10186	6.7371e-06	4.2170	4.2194	1402.4	-0.24141	1791.1	0.55567	liquid
0.20998	0.10000	999.86	0.0010001	0.84559	0.94560	0.0030944	4.2165	4.2187	1403.4	-0.24122	1778.7	0.55619	liquid
0.40997	0.10000	999.87	0.0010001	1.6892	1.7892	0.0061794	4.2161	4.2181	1404.4	-0.24102	1766.5	0.55669	liquid
0.60995	0.10000	999.88	0.0010001	2.5327	2.6327	0.0092616	4.2156	4.2174	1405.4	-0.24083	1754.3	0.55720	liquid
0.80993	0.10000	999.89	0.0010001	3.3760	3.4760	0.012341	4.2152	4.2167	1406.4	-0.24063	1742.3	0.55771	liquid
1.0099	0.10000	999.90	0.0010001	4.2192	4.3192	0.015418	4.2147	4.2161	1407.4	-0.24044	1730.4	0.55821	liquid
1.2099	0.10000	999.91	0.0010001	5.0623	5.1623	0.018492	4.2143	4.2155	1408.4	-0.24025	1718.7	0.55871	liquid
1.4099	0.10000	999.92	0.0010001	5.9053	6.0053	0.021563	4.2138	4.2148	1409.4	-0.24006	1707.1	0.55921	liquid
1.6099	0.10000	999.93	0.0010001	6.7481	6.8481	0.024632	4.2134	4.2142	1410.3	-0.23987	1695.6	0.55970	liquid
1.8098	0.10000	999.94	0.0010001	7.5908	7.6908	0.027698	4.2129	4.2136	1411.3	-0.23968	1684.2	0.56019	liquid
2.0098	0.10000	999.94	0.0010001	8.4334	8.5334	0.030761	4.2124	4.2130	1412.3	-0.23949	1673.0	0.56069	liquid
2.2098	0.10000	999.95	0.0010001	9.2759	9.3759	0.033822	4.2119	4.2124	1413.2	-0.23930	1661.8	0.56117	liquid
2.4098	0.10000	999.95	0.0010000	10.118	10.218	0.036880	4.2115	4.2118	1414.2	-0.23912	1650.8	0.56166	liquid
2.6098	0.10000	999.96	0.0010000	10.960	11.060	0.039935	4.2110	4.2113	1415.1	-0.23893	1639.9	0.56215	liquid
2.8098	0.10000	999.96	0.0010000	11.803	11.903	0.042988	4.2105	4.2107	1416.1	-0.23874	1629.2	0.56263	liquid
3.0097	0.10000	999.97	0.0010000	12.645	12.745	0.046038	4.2100	4.2101	1417.0	-0.23856	1618.5	0.56311	liquid
3.2097	0.10000	999.97	0.0010000	13.487	13.587	0.049085	4.2095	4.2096	1418.0	-0.23837	1607.9	0.56359	liquid
3.4097	0.10000	999.97	0.0010000	14.328	14.428	0.052130	4.2090	4.2091	1418.9	-0.23819	1597.5	0.56407	liquid
3.6097	0.10000	999.97	0.0010000	15.170	15.270	0.055173	4.2085	4.2085	1419.8	-0.23801	1587.2	0.56454	liquid
3.8097	0.10000	999.97	0.0010000	16.012	16.112	0.058212	4.2080	4.2080	1420.8	-0.23783	1576.9	0.56502	liquid
4.0097	0.10000	999.97	0.0010000	16.853	16.953	0.061250	4.2075	4.2075	1421.7	-0.23765	1566.8	0.56549	liquid
4.2096	0.10000	999.97	0.0010000	17.694	17.794	0.064284	4.2070	4.2070	1422.6	-0.23746	1556.8	0.56596	liquid
4.4096	0.10000	999.97	0.0010000	18.536	18.636	0.067316	4.2064	4.2065	1423.5	-0.23728	1546.9	0.56642	liquid
4.6096	0.10000	999.97	0.0010000	19.377	19.477	0.070346	4.2059	4.2060	1424.4	-0.23711	1537.1	0.56689	liquid
4.8096	0.10000	999.97	0.0010000	20.218	20.318	0.073373	4.2054	4.2055	1425.3	-0.23693	1527.3	0.56735	liquid
5.0096	0.10000	999.97	0.0010000	21.059	21.159	0.076397	4.2049	4.2050	1426.2	-0.23675	1517.7	0.56781	liquid
5.2096	0.10000	999.96	0.0010000	21.900	22.000	0.079419	4.2043	4.2045	1427.1	-0.23657	1508.2	0.56827	liquid
5.4095	0.10000	999.96	0.0010000	22.741	22.841	0.082439	4.2038	4.2041	1428.0	-0.23639	1498.8	0.56873	liquid
5.6095	0.10000	999.95	0.0010000	23.581	23.681	0.085456	4.2033	4.2036	1428.9	-0.23622	1489.4	0.56919	liquid
5.8095	0.10000	999.95	0.0010001	24.422	24.522	0.088470	4.2027	4.2032	1429.8	-0.23604	1480.2	0.56964	liquid
6.0095	0.10000	999.94	0.0010001	25.262	25.362	0.091482	4.2022	4.2027	1430.6	-0.23587	1471.0	0.57010	liquid
6.2095	0.10000	999.94	0.0010001	26.103	26.203	0.094491	4.2016	4.2023	1431.5	-0.23569	1462.0	0.57055	liquid
6.4095	0.10000	999.93	0.0010001	26.943	27.043	0.097499	4.2011	4.2019	1432.4	-0.23552	1453.0	0.57100	liquid
6.6094	0.10000	999.92	0.0010001	27.783	27.883	0.10050	4.2005	4.2014	1433.2	-0.23535	1444.1	0.57144	liquid
6.8094	0.10000	999.91	0.0010001	28.624	28.724	0.10351	4.2000	4.2010	1434.1	-0.23518	1435.3	0.57189	liquid
7.0094	0.10000	999.90	0.0010001	29.464	29.564	0.10650	4.1994	4.2006	1435.0	-0.23500	1426.6	0.57233	liquid
7.2094	0.10000	999.89	0.0010001	30.304	30.404	0.10950	4.1988	4.2002	1435.8	-0.23483	1418.0	0.57278	liquid
7.4094	0.10000	999.88	0.0010001	31.144	31.244	0.11250	4.1983	4.1998	1436.7	-0.23466	1409.5	0.57322	liquid
7.6094	0.10000	999.87	0.0010001	31.984	32.084	0.11549	4.1977	4.1994	1437.5	-0.23449	1401.0	0.57366	liquid
7.8093	0.10000	999.86	0.0010001	32.823	32.923	0.11848	4.1971	4.1990	1438.3	-0.23432	1392.6	0.57409	liquid
8.0093	0.10000	999.85	0.0010002	33.663	33.763	0.12147	4.1965	4.1987	1439.2	-0.23415	1384.3	0.57453	liquid
8.2093	0.10000	999.84	0.0010002	34.503	34.603	0.12445	4.1959	4.1983	1440.0	-0.23399	1376.1	0.57496	liquid
8.4093	0.10000	999.82	0.0010002	35.342	35.442	0.12744	4.1954	4.1979	1440.8	-0.23382	1368.0	0.57539	liquid
8.6093	0.10000	999.81	0.0010002	36.182	36.282	0.13042	4.1948	4.1975	1441.7	-0.23365	1359.9	0.57583	liquid
8.8093	0.10000	999.80	0.0010002	37.021	37.121	0.13339	4.1942	4.1972	1442.5	-0.23348	1351.9	0.57625	liquid
9.0092	0.10000	999.78	0.0010002	37.860	37.960	0.13637	4.1936	4.1968	1443.3	-0.23332	1344.0	0.57668	liquid
9.2092	0.10000	999.77	0.0010002	38.700	38.800	0.13934	4.1930	4.1965	1444.1	-0.23315	1336.2	0.57711	liquid
9.4092	0.10000	999.75	0.0010002	39.539	39.639	0.14231	4.1924	4.1961	1444.9	-0.23299	1328.4	0.57753	liquid
9.6092	0.10000	999.74	0.0010003	40.378	40.478	0.14528	4.1918	4.1958	1445.7	-0.23282	1320.7	0.57795	liquid
9.8092	0.10000	999.72	0.0010003	41.217	41.317	0.14825	4.1912	4.1955	1446.5	-0.23266	1313.1	0.57838	liquid
10.009	0.10000	999.70	0.0010003	42.056	42.156	0.15121	4.1906	4.1951	1447.3	-0.23250	1305.6	0.57880	liquid
10.209	0.10000	999.68	0.0010003	42.895	42.995	0.15417	4.1899	4.1948	1448.1	-0.23233	1298.1	0.57921	liquid
10.409	0.10000	999.66	0.0010003	43.734	43.834	0.15713	4.1893	4.1945	1448.9	-0.23217	1290.7	0.57963	liquid
10.609	0.10000	999.65	0.0010004	44.573	44.673	0.16009	4.1887	4.1942	1449.7	-0.23201	1283.3	0.58005	liquid
10.809	0.10000	999.63	0.0010004	45.411	45.511	0.16305	4.1881	4.1939	1450.4	-0.23185	1276.0	0.58046	liquid
11.009	0.10000	999.61	0.0010004	46.250	46.350	0.16600	4.1875	4.1936	1451.2	-0.23169	1268.8	0.58087	liquid
11.209	0.10000	999.59	0.0010004	47.089	47.189	0.16895	4.1868	4.1933	1452.0	-0.23153	1261.7	0.58128	liquid
11.409	0.10000	999.56	0.0010004	47.927	48.027	0.17190	4.1862	4.1930	1452.8	-0.23137	1254.6	0.58169	liquid
11.609	0.10000	999.54	0.0010005	48.766	48.866	0.17484	4.1856	4.1927	1453.5	-0.23121	1247.6	0.58210	liquid
11.809	0.10000	999.52	0.0010005	49.604	49.704	0.17779	4.1849	4.1924	1454.3	-0.23105	1240.6	0.58251	liquid
12.009	0.10000	999.50	0.0010005	50.443	50.543	0.18073	4.1843	4.1921	1455.0	-0.23089	1233.7	0.58291	liquid
12.209	0.10000	999.48	0.0010005	51.281	51.381	0.18367	4.1837	4.1919	1455.8	-0.23073	1226.9	0.58331	liquid
12.409	0.10000	999.45	0.0010005	52.119	52.219	0.18660	4.1830	4.1916	1456.6	-0.23058	1220.1	0.58372	liquid
12.609	0.10000	999.43	0.0010006	52.957	53.057	0.18954	4.1824	4.1913	1457.3	-0.23042	1213.4	0.58412	liquid
12.809	0.10000	999.40	0.0010006	53.796	53.896	0.19247	4.1817	4.1911	1458.0	-0.23026	1206.8	0.58452	liquid
13.009	0.10000	999.38	0.0010006	54.634	54.734	0.19540	4.1811	4.1908	1458.8	-0.23011	1200.2	0.58491	liquid
13.209	0.10000	999.35	0.0010006	55.472	55.572	0.19833	4.1804	4.1906	1459.5	-0.22995	1193.6	0.58531	liquid
13.409	0.10000	999.33	0.0010007	56.310	56.410	0.20125	4.1797	4.1903	1460.2	-0.22980	1187.2	0.58571	liquid
13.609	0.10000	999.30	0.0010007	57.148	57.248	0.20417	4.1791	4.1901	1461.0	-0.22964	1180.7	0.58610	liquid
13.809	0.10000	999.27	0.0010007	57.986	58.086	0.20710	4.1784	4.1898	1461.7	-0.22949	1174.4	0.58649	liquid
14.009	0.10000	999.25	0.0010008	58.823	58.924	0.21001	4.1778	4.1896	1462.4	-0.22933	1168.1	0.58688	liquid
14.209	0.10000	999.22	0.0010008	59.661	59.761	0.21293	4.1771	4.1894	1463.1	-0.22918	1161.8	0.58727	liquid
14.409	0.10000	999.19	0.0010008	60.499	60.599	0.21585	4.1764	4.1891	1463.8	-0.22903	1155.6	0.58766	liquid
14.609	0.10000	999.16	0.0010008	61.337	61.437	0.21876	4.1757	4.1889	1464.6	-0.22888	1149.4	0.58805	liquid
14.809	0.10000	999.13	0.0010009	62.174	62.275	0.22167	4.1751	4.1887	1465.3	-0.22872	1143.4	0.58843	liquid
15.009	0.10000	999.10	0.0010009	63.012	63.112	0.22458	4.1744	4.1885	1466.0	-0.22857	1137.3	0.58882	liquid
15.209	0.10000	999.07	0.0010009	63.850	63.950	0.22748	4.1737	4.1882	1466.7	-0.22842	1131.3	0.58920	liquid
15.409	0.10000	999.04	0.0010010	64.687	64.787	0.23038	4.1730	4.1880	1467.4	-0.22827	1125.4	0.58958	liquid
15.609	0.10000	999.01	0.0010010	65.525	65.625	0.23329	4.1723	4.1878	1468.0	-0.22812	1119.5	0.58996	liquid
15.809	0.10000	998.98	0.0010010	66.362	66.462	0.23619	4.1717	4.1876	1468.7	-0.22797	1113.6	0.59034	liquid
16.009	0.10000	998.94	0.0010011	67.200	67.300	0.23908	4.1710	4.1874	1469.4	-0.22782	1107.8	0.59072	liquid
16.209	0.10000	998.91	0.0010011	68.037	68.137	0.24198	4.1703	4.1872	1470.1	-0.22767	1102.1	0.59110	liquid
16.409	0.10000	998.88	0.0010011	68.874	68.975	0.24487	4.1696	4.1870	1470.8	-0.22752	1096.4	0.59147	liquid
16.609	0.10000	998.84	0.0010012	69.712	69.812	0.24776	4.1689	4.1868	1471.4	-0.22737	1090.7	0.59185	liquid
16.809	0.10000	998.81	0.0010012	70.549	70.649	0.25065	4.1682	4.1866	1472.1	-0.22723	1085.1	0.59222	liquid
17.009	0.10000	998.78	0.0010012	71.386	71.486	0.25354	4.1675	4.1865	1472.8	-0.22708	1079.6	0.59259	liquid
17.209	0.10000	998.74	0.0010013	72.223	72.324	0.25642	4.1668	4.1863	1473.4	-0.22693	1074.1	0.59296	liquid
17.409	0.10000	998.71	0.0010013	73.061	73.161	0.25930	4.1661	4.1861	1474.1	-0.22679	1068.6	0.59333	liquid
17.609	0.10000	998.67	0.0010013	73.898	73.998	0.26218	4.1654	4.1859	1474.8	-0.22664	1063.2	0.59370	liquid
17.809	0.10000	998.63	0.0010014	74.735	74.835	0.26506	4.1646	4.1858	1475.4	-0.22649	1057.8	0.59407	liquid
18.008	0.10000	998.60	0.0010014	75.572	75.672	0.26794	4.1639	4.1856	1476.1	-0.22635	1052.4	0.59443	liquid
18.208	0.10000	998.56	0.0010014	76.409	76.509	0.27081	4.1632	4.1854	1476.7	-0.22620	1047.2	0.59480	liquid
18.408	0.10000	998.52	0.0010015	77.246	77.346	0.27368	4.1625	4.1853	1477.4	-0.22606	1041.9	0.59516	liquid
18.608	0.10000	998.48	0.0010015	78.083	78.183	0.27655	4.1618	4.1851	1478.0	-0.22591	1036.7	0.59552	liquid
18.808	0.10000	998.44	0.0010016	78.920	79.020	0.27942	4.1610	4.1849	1478.6	-0.22577	1031.5	0.59588	liquid
19.008	0.10000	998.41	0.0010016	79.757	79.857	0.28229	4.1603	4.1848	1479.3	-0.22562	1026.4	0.59624	liquid
19.208	0.10000	998.37	0.0010016	80.594	80.694	0.28515	4.1596	4.1846	1479.9	-0.22548	1021.3	0.59660	liquid
19.408	0.10000	998.33	0.0010017	81.430	81.531	0.28801	4.1589	4.1845	1480.5	-0.22534	1016.3	0.59696	liquid
19.608	0.10000	998.29	0.0010017	82.267	82.367	0.29087	4.1581	4.1843	1481.1	-0.22520	1011.3	0.59732	liquid
19.808	0.10000	998.25	0.0010018	83.104	83.204	0.29373	4.1574	4.1842	1481.8	-0.22505	1006.3	0.59767	liquid
20.008	0.10000	998.20	0.0010018	83.941	84.041	0.29658	4.1567	4.1840	1482.4	-0.22491	1001.4	0.59803	liquid
20.208	0.10000	998.16	0.0010018	84.777	84.878	0.29944	4.1559	4.1839	1483.0	-0.22477	996.51	0.59838	liquid
20.408	0.10000	998.12	0.0010019	85.614	85.714	0.30229	4.1552	4.1838	1483.6	-0.22463	991.66	0.59873	liquid
20.608	0.10000	998.08	0.0010019	86.451	86.551	0.30514	4.1544	4.1836	1484.2	-0.22449	986.85	0.59908	liquid
20.808	0.10000	998.04	0.0010020	87.287	87.388	0.30798	4.1537	4.1835	1484.8	-0.22435	982.08	0.59943	liquid
21.008	0.10000	997.99	0.0010020	88.124	88.224	0.31083	4.1529	4.1834	1485.4	-0.22421	977.34	0.59978	liquid
21.208	0.10000	997.95	0.0010021	88.961	89.061	0.31367	4.1522	4.1833	1486.0	-0.22407	972.64	0.60013	liquid
21.408	0.10000	997.91	0.0010021	89.797	89.897	0.31651	4.1514	4.1831	1486.6	-0.22393	967.98	0.60047	liquid
21.608	0.10000	997.86	0.0010021	90.634	90.734	0.31935	4.1507	4.1830	1487.2	-0.22379	963.36	0.60082	liquid
21.808	0.10000	997.82	0.0010022	91.470	91.571	0.32219	4.1499	4.1829	1487.8	-0.22365	958.77	0.60116	liquid
22.008	0.10000	997.77	0.0010022	92.307	92.407	0.32502	4.1492	4.1828	1488.3	-0.22351	954.21	0.60151	liquid
22.208	0.10000	997.73	0.0010023	93.143	93.243	0.32786	4.1484	4.1827	1488.9	-0.22337	949.69	0.60185	liquid
22.408	0.10000	997.68	0.0010023	93.980	94.080	0.33069	4.1476	4.1826	1489.5	-0.22323	945.20	0.60219	liquid
22.608	0.10000	997.63	0.0010024	94.816	94.916	0.33352	4.1469	4.1824	1490.1	-0.22309	940.75	0.60253	liquid
22.808	0.10000	997.59	0.0010024	95.653	95.753	0.33634	4.1461	4.1823	1490.6	-0.22296	936.33	0.60287	liquid
23.008	0.10000	997.54	0.0010025	96.489	96.589	0.33917	4.1453	4.1822	1491.2	-0.22282	931.95	0.60321	liquid
23.208	0.10000	997.49	0.0010025	97.325	97.426	0.34199	4.1446	4.1821	1491.8	-0.22268	927.60	0.60354	liquid
23.408	0.10000	997.44	0.0010026	98.162	98.262	0.34481	4.1438	4.1820	1492.3	-0.22254	923.28	0.60388	liquid
23.608	0.10000	997.39	0.0010026	98.998	99.098	0.34763	4.1430	4.1819	1492.9	-0.22241	918.99	0.60421	liquid
23.808	0.10000	997.35	0.0010027	99.834	99.935	0.35045	4.1422	4.1818	1493.5	-0.22227	914.74	0.60455	liquid
24.008	0.10000	997.30	0.0010027	100.67	100.77	0.35326	4.1415	4.1818	1494.0	-0.22214	910.51	0.60488	liquid
24.208	0.10000	997.25	0.0010028	101.51	101.61	0.35608	4.1407	4.1817	1494.6	-0.22200	906.32	0.60521	liquid
24.408	0.10000	997.20	0.0010028	102.34	102.44	0.35889	4.1399	4.1816	1495.1	-0.22187	902.16	0.60554	liquid
24.608	0.10000	997.15	0.0010029	103.18	103.28	0.36170	4.1391	4.1815	1495.6	-0.22173	898.03	0.60587	liquid
24.808	0.10000	997.10	0.0010029	104.02	104.12	0.36451	4.1383	4.1814	1496.2	-0.22160	893.93	0.60620	liquid
25.008	0.10000	997.05	0.0010030	104.85	104.95	0.36731	4.1375	4.1813	1496.7	-0.22146	889.86	0.60653	liquid
25.208	0.10000	996.99	0.0010030	105.69	105.79	0.37011	4.1367	4.1812	1497.3	-0.22133	885.82	0.60685	liquid
25.408	0.10000	996.94	0.0010031	106.52	106.62	0.37292	4.1360	4.1812	1497.8	-0.22119	881.81	0.60718	liquid
25.608	0.10000	996.89	0.0010031	107.36	107.46	0.37572	4.1352	4.1811	1498.3	-0.22106	877.83	0.60751	liquid
25.808	0.10000	996.84	0.0010032	108.20	108.30	0.37851	4.1344	4.1810	1498.8	-0.22093	873.88	0.60783	liquid
26.008	0.10000	996.78	0.0010032	109.03	109.13	0.38131	4.1336	4.1809	1499.4	-0.22079	869.96	0.60815	liquid
26.208	0.10000	996.73	0.0010033	109.87	109.97	0.38410	4.1328	4.1809	1499.9	-0.22066	866.06	0.60847	liquid
26.408	0.10000	996.68	0.0010033	110.70	110.80	0.38690	4.1320	4.1808	1500.4	-0.22053	862.19	0.60879	liquid
26.608	0.10000	996.62	0.0010034	111.54	111.64	0.38969	4.1312	4.1807	1500.9	-0.22040	858.36	0.60911	liquid
26.808	0.10000	996.57	0.0010034	112.38	112.48	0.39247	4.1303	4.1807	1501.4	-0.22026	854.54	0.60943	liquid
27.008	0.10000	996.51	0.0010035	113.21	113.31	0.39526	4.1295	4.1806	1501.9	-0.22013	850.76	0.60975	liquid
27.208	0.10000	996.46	0.0010036	114.05	114.15	0.39804	4.1287	4.1805	1502.4	-0.22000	847.00	0.61007	liquid
27.408	0.10000	996.40	0.0010036	114.88	114.99	0.40083	4.1279	4.1805	1502.9	-0.21987	843.27	0.61038	liquid
27.608	0.10000	996.35	0.0010037	115.72	115.82	0.40361	4.1271	4.1804	1503.4	-0.21974	839.57	0.61070	liquid
27.808	0.10000	996.29	0.0010037	116.56	116.66	0.40639	4.1263	4.1803	1503.9	-0.21961	835.89	0.61101	liquid
28.008	0.10000	996.23	0.0010038	117.39	117.49	0.40916	4.1255	4.1803	1504.4	-0.21948	832.24	0.61132	liquid
28.208	0.10000	996.18	0.0010038	118.23	118.33	0.41194	4.1247	4.1802	1504.9	-0.21935	828.61	0.61164	liquid
28.408	0.10000	996.12	0.0010039	119.06	119.17	0.41471	4.1238	4.1802	1505.4	-0.21922	825.01	0.61195	liquid
28.608	0.10000	996.06	0.0010040	119.90	120.00	0.41748	4.1230	4.1801	1505.9	-0.21909	821.44	0.61226	liquid
28.808	0.10000	996.00	0.0010040	120.74	120.84	0.42025	4.1222	4.1801	1506.3	-0.21896	817.89	0.61257	liquid
29.008	0.10000	995.94	0.0010041	121.57	121.67	0.42302	4.1214	4.1800	1506.8	-0.21883	814.36	0.61288	liquid
29.208	0.10000	995.89	0.0010041	122.41	122.51	0.42579	4.1205	4.1800	1507.3	-0.21870	810.86	0.61318	liquid
29.408	0.10000	995.83	0.0010042	123.24	123.34	0.42855	4.1197	4.1799	1507.8	-0.21857	807.38	0.61349	liquid
29.608	0.10000	995.77	0.0010043	124.08	124.18	0.43131	4.1189	4.1799	1508.2	-0.21844	803.93	0.61379	liquid
29.808	0.10000	995.71	0.0010043	124.92	125.02	0.43407	4.1180	4.1799	1508.7	-0.21831	800.50	0.61410	liquid
30.007	0.10000	995.65	0.0010044	125.75	125.85	0.43683	4.1172	4.1798	1509.2	-0.21819	797.09	0.61440	liquid
30.207	0.10000	995.59	0.0010044	126.59	126.69	0.43959	4.1164	4.1798	1509.6	-0.21806	793.71	0.61471	liquid
30.407	0.10000	995.53	0.0010045	127.42	127.52	0.44234	4.1155	4.1797	1510.1	-0.21793	790.35	0.61501	liquid
30.607	0.10000	995.46	0.0010046	128.26	128.36	0.44509	4.1147	4.1797	1510.5	-0.21780	787.02	0.61531	liquid
30.807	0.10000	995.40	0.0010046	129.10	129.20	0.44784	4.1138	4.1797	1511.0	-0.21768	783.70	0.61561	liquid
31.007	0.10000	995.34	0.0010047	129.93	130.03	0.45059	4.1130	4.1796	1511.4	-0.21755	780.41	0.61591	liquid
31.207	0.10000	995.28	0.0010047	130.77	130.87	0.45334	4.1121	4.1796	1511.9	-0.21742	777.15	0.61621	liquid
31.407	0.10000	995.22	0.0010048	131.60	131.70	0.45609	4.1113	4.1796	1512.3	-0.21730	773.90	0.61650	liquid
31.607	0.10000	995.15	0.0010049	132.44	132.54	0.45883	4.1105	4.1796	1512.8	-0.21717	770.67	0.61680	liquid
31.807	0.10000	995.09	0.0010049	133.27	133.38	0.46157	4.1096	4.1795	1513.2	-0.21704	767.47	0.61710	liquid
32.007	0.10000	995.03	0.0010050	134.11	134.21	0.46431	4.1088	4.1795	1513.6	-0.21692	764.29	0.61739	liquid
32.207	0.10000	994.96	0.0010051	134.95	135.05	0.46705	4.1079	4.1795	1514.1	-0.21679	761.13	0.61768	liquid
32.407	0.10000	994.90	0.0010051	135.78	135.88	0.46978	4.1070	4.1795	1514.5	-0.21667	757.99	0.61798	liquid
32.607	0.10000	994.83	0.0010052	136.62	136.72	0.47252	4.1062	4.1794	1514.9	-0.21654	754.87	0.61827	liquid
32.807	0.10000	994.77	0.0010053	137.45	137.55	0.47525	4.1053	4.1794	1515.4	-0.21642	751.78	0.61856	liquid
33.007	0.10000	994.70	0.0010053	138.29	138.39	0.47798	4.1045	4.1794	1515.8	-0.21629	748.70	0.61885	liquid
33.207	0.10000	994.64	0.0010054	139.13	139.23	0.48071	4.1036	4.1794	1516.2	-0.21617	745.64	0.61914	liquid
33.407	0.10000	994.57	0.0010055	139.96	140.06	0.48344	4.1027	4.1794	1516.6	-0.21604	742.61	0.61943	liquid
33.607	0.10000	994.50	0.0010055	140.80	140.90	0.48616	4.1019	4.1793	1517.0	-0.21592	739.59	0.61972	liquid
33.807	0.10000	994.44	0.0010056	141.63	141.73	0.48889	4.1010	4.1793	1517.4	-0.21579	736.60	0.62001	liquid
34.007	0.10000	994.37	0.0010057	142.47	142.57	0.49161	4.1001	4.1793	1517.9	-0.21567	733.62	0.62029	liquid
34.207	0.10000	994.30	0.0010057	143.30	143.41	0.49433	4.0993	4.1793	1518.3	-0.21555	730.66	0.62058	liquid
34.407	0.10000	994.24	0.0010058	144.14	144.24	0.49705	4.0984	4.1793	1518.7	-0.21542	727.72	0.62086	liquid
34.607	0.10000	994.17	0.0010059	144.98	145.08	0.49977	4.0975	4.1793	1519.1	-0.21530	724.80	0.62114	liquid
34.807	0.10000	994.10	0.0010059	145.81	145.91	0.50248	4.0966	4.1793	1519.5	-0.21517	721.90	0.62143	liquid
35.007	0.10000	994.03	0.0010060	146.65	146.75	0.50519	4.0958	4.1793	1519.9	-0.21505	719.02	0.62171	liquid
35.207	0.10000	993.96	0.0010061	147.48	147.58	0.50790	4.0949	4.1793	1520.2	-0.21493	716.16	0.62199	liquid
35.407	0.10000	993.89	0.0010061	148.32	148.42	0.51061	4.0940	4.1792	1520.6	-0.21481	713.32	0.62227	liquid
35.607	0.10000	993.82	0.0010062	149.16	149.26	0.51332	4.0931	4.1792	1521.0	-0.21468	710.49	0.62255	liquid
35.807	0.10000	993.75	0.0010063	149.99	150.09	0.51603	4.0922	4.1792	1521.4	-0.21456	707.68	0.62283	liquid
36.007	0.10000	993.68	0.0010064	150.83	150.93	0.51873	4.0914	4.1792	1521.8	-0.21444	704.89	0.62311	liquid
36.207	0.10000	993.61	0.0010064	151.66	151.76	0.52144	4.0905	4.1792	1522.2	-0.21432	702.12	0.62338	liquid
36.407	0.10000	993.54	0.0010065	152.50	152.60	0.52414	4.0896	4.1792	1522.6	-0.21420	699.37	0.62366	liquid
36.607	0.10000	993.47	0.0010066	153.33	153.43	0.52683	4.0887	4.1792	1522.9	-0.21407	696.63	0.62394	liquid
36.807	0.10000	993.40	0.0010066	154.17	154.27	0.52953	4.0878	4.1792	1523.3	-0.21395	693.91	0.62421	liquid
37.007	0.10000	993.33	0.0010067	155.01	155.11	0.53223	4.0869	4.1792	1523.7	-0.21383	691.21	0.62448	liquid
37.207	0.10000	993.25	0.0010068	155.84	155.94	0.53492	4.0860	4.1793	1524.0	-0.21371	688.53	0.62476	liquid
37.407	0.10000	993.18	0.0010069	156.68	156.78	0.53761	4.0851	4.1793	1524.4	-0.21359	685.86	0.62503	liquid
37.607	0.10000	993.11	0.0010069	157.51	157.61	0.54030	4.0842	4.1793	1524.8	-0.21347	683.21	0.62530	liquid
37.807	0.10000	993.04	0.0010070	158.35	158.45	0.54299	4.0833	4.1793	1525.1	-0.21335	680.57	0.62557	liquid
38.007	0.10000	992.96	0.0010071	159.18	159.28	0.54568	4.0824	4.1793	1525.5	-0.21323	677.95	0.62584	liquid
38.207	0.10000	992.89	0.0010072	160.02	160.12	0.54836	4.0815	4.1793	1525.8	-0.21311	675.35	0.62611	liquid
38.407	0.10000	992.82	0.0010072	160.86	160.96	0.55105	4.0806	4.1793	1526.2	-0.21299	672.77	0.62638	liquid
38.607	0.10000	992.74	0.0010073	161.69	161.79	0.55373	4.0797	4.1793	1526.5	-0.21287	670.20	0.62664	liquid
38.807	0.10000	992.67	0.0010074	162.53	162.63	0.55641	4.0788	4.1793	1526.9	-0.21275	667.64	0.62691	liquid
39.007	0.10000	992.59	0.0010075	163.36	163.46	0.55909	4.0779	4.1793	1527.2	-0.21263	665.10	0.62718	liquid
39.207	0.10000	992.52	0.0010075	164.20	164.30	0.56177	4.0770	4.1794	1527.6	-0.21251	662.58	0.62744	liquid
39.407	0.10000	992.44	0.0010076	165.03	165.14	0.56444	4.0761	4.1794	1527.9	-0.21239	660.07	0.62771	liquid
39.607	0.10000	992.37	0.0010077	165.87	165.97	0.56711	4.0752	4.1794	1528.2	-0.21227	657.58	0.62797	liquid
39.807	0.10000	992.29	0.0010078	166.71	166.81	0.56978	4.0743	4.1794	1528.6	-0.21215	655.11	0.62823	liquid
40.007	0.10000	992.21	0.0010078	167.54	167.64	0.57245	4.0734	4.1794	1528.9	-0.21203	652.65	0.62849	liquid
40.207	0.10000	992.14	0.0010079	168.38	168.48	0.57512	4.0725	4.1794	1529.2	-0.21191	650.20	0.62875	liquid
40.407	0.10000	992.06	0.0010080	169.21	169.31	0.57779	4.0715	4.1795	1529.6	-0.21179	647.77	0.62901	liquid
40.607	0.10000	991.98	0.0010081	170.05	170.15	0.58045	4.0706	4.1795	1529.9	-0.21168	645.35	0.62927	liquid
40.807	0.10000	991.90	0.0010082	170.89	170.99	0.58312	4.0697	4.1795	1530.2	-0.21156	642.95	0.62953	liquid
41.007	0.10000	991.83	0.0010082	171.72	171.82	0.58578	4.0688	4.1795	1530.5	-0.21144	640.57	0.62979	liquid
41.207	0.10000	991.75	0.0010083	172.56	172.66	0.58844	4.0679	4.1795	1530.9	-0.21132	638.19	0.63005	liquid
41.407	0.10000	991.67	0.0010084	173.39	173.49	0.59110	4.0669	4.1796	1531.2	-0.21120	635.83	0.63030	liquid
41.607	0.10000	991.59	0.0010085	174.23	174.33	0.59375	4.0660	4.1796	1531.5	-0.21109	633.49	0.63056	liquid
41.807	0.10000	991.51	0.0010086	175.06	175.17	0.59641	4.0651	4.1796	1531.8	-0.21097	631.16	0.63082	liquid
42.006	0.10000	991.43	0.0010086	175.90	176.00	0.59906	4.0642	4.1796	1532.1	-0.21085	628.84	0.63107	liquid
42.206	0.10000	991.35	0.0010087	176.74	176.84	0.60171	4.0632	4.1797	1532.4	-0.21073	626.54	0.63132	liquid
42.406	0.10000	991.27	0.0010088	177.57	177.67	0.60436	4.0623	4.1797	1532.7	-0.21062	624.25	0.63158	liquid
42.606	0.10000	991.19	0.0010089	178.41	178.51	0.60701	4.0614	4.1797	1533.0	-0.21050	621.98	0.63183	liquid
42.806	0.10000	991.11	0.0010090	179.24	179.34	0.60966	4.0605	4.1798	1533.3	-0.21038	619.72	0.63208	liquid
43.006	0.10000	991.03	0.0010090	180.08	180.18	0.61230	4.0595	4.1798	1533.6	-0.21026	617.47	0.63233	liquid
43.206	0.10000	990.95	0.0010091	180.92	181.02	0.61494	4.0586	4.1798	1533.9	-0.21015	615.23	0.63258	liquid
43.406	0.10000	990.87	0.0010092	181.75	181.85	0.61759	4.0577	4.1799	1534.2	-0.21003	613.01	0.63283	liquid
43.606	0.10000	990.79	0.0010093	182.59	182.69	0.62023	4.0567	4.1799	1534.5	-0.20991	610.80	0.63307	liquid
43.806	0.10000	990.71	0.0010094	183.42	183.52	0.62286	4.0558	4.1799	1534.8	-0.20980	608.61	0.63332	liquid
44.006	0.10000	990.62	0.0010095	184.26	184.36	0.62550	4.0548	4.1800	1535.1	-0.20968	606.43	0.63357	liquid
44.206	0.10000	990.54	0.0010095	185.10	185.20	0.62813	4.0539	4.1800	1535.3	-0.20957	604.26	0.63381	liquid
44.406	0.10000	990.46	0.0010096	185.93	186.03	0.63077	4.0530	4.1800	1535.6	-0.20945	602.10	0.63406	liquid
44.606	0.10000	990.38	0.0010097	186.77	186.87	0.63340	4.0520	4.1801	1535.9	-0.20933	599.95	0.63430	liquid
44.806	0.10000	990.29	0.0010098	187.60	187.70	0.63603	4.0511	4.1801	1536.2	-0.20922	597.82	0.63455	liquid
45.006	0.10000	990.21	0.0010099	188.44	188.54	0.63866	4.0501	4.1801	1536.5	-0.20910	595.70	0.63479	liquid
45.206	0.10000	990.13	0.0010100	189.27	189.38	0.64128	4.0492	4.1802	1536.7	-0.20899	593.60	0.63503	liquid
45.406	0.10000	990.04	0.0010101	190.11	190.21	0.64391	4.0482	4.1802	1537.0	-0.20887	591.50	0.63527	liquid
45.606	0.10000	989.96	0.0010101	190.95	191.05	0.64653	4.0473	4.1803	1537.3	-0.20876	589.42	0.63551	liquid
45.806	0.10000	989.87	0.0010102	191.78	191.88	0.64915	4.0463	4.1803	1537.5	-0.20864	587.35	0.63575	liquid
46.006	0.10000	989.79	0.0010103	192.62	192.72	0.65177	4.0454	4.1804	1537.8	-0.20853	585.29	0.63599	liquid
46.206	0.10000	989.70	0.0010104	193.45	193.56	0.65439	4.0444	4.1804	1538.0	-0.20841	583.24	0.63623	liquid
46.406	0.10000	989.62	0.0010105	194.29	194.39	0.65701	4.0435	4.1804	1538.3	-0.20830	581.20	0.63647	liquid
46.606	0.10000	989.53	0.0010106	195.13	195.23	0.65963	4.0425	4.1805	1538.6	-0.20818	579.18	0.63671	liquid
46.806	0.10000	989.45	0.0010107	195.96	196.06	0.66224	4.0416	4.1805	1538.8	-0.20807	577.17	0.63694	liquid
47.006	0.10000	989.36	0.0010108	196.80	196.90	0.66485	4.0406	4.1806	1539.1	-0.20795	575.17	0.63718	liquid
47.206	0.10000	989.27	0.0010108	197.63	197.74	0.66746	4.0397	4.1806	1539.3	-0.20784	573.18	0.63741	liquid
47.406	0.10000	989.19	0.0010109	198.47	198.57	0.67007	4.0387	4.1807	1539.6	-0.20772	571.20	0.63765	liquid
47.606	0.10000	989.10	0.0010110	199.31	199.41	0.67268	4.0378	4.1807	1539.8	-0.20761	569.23	0.63788	liquid
47.806	0.10000	989.01	0.0010111	200.14	200.24	0.67528	4.0368	4.1808	1540.1	-0.20749	567.27	0.63811	liquid
48.006	0.10000	988.92	0.0010112	200.98	201.08	0.67789	4.0358	4.1808	1540.3	-0.20738	565.33	0.63835	liquid
48.206	0.10000	988.84	0.0010113	201.82	201.92	0.68049	4.0349	4.1809	1540.5	-0.20727	563.39	0.63858	liquid
48.406	0.10000	988.75	0.0010114	202.65	202.75	0.68309	4.0339	4.1809	1540.8	-0.20715	561.47	0.63881	liquid
48.606	0.10000	988.66	0.0010115	203.49	203.59	0.68569	4.0329	4.1810	1541.0	-0.20704	559.56	0.63904	liquid
48.806	0.10000	988.57	0.0010116	204.32	204.42	0.68829	4.0320	4.1810	1541.2	-0.20692	557.65	0.63927	liquid
49.006	0.10000	988.48	0.0010117	205.16	205.26	0.69089	4.0310	4.1811	1541.5	-0.20681	555.76	0.63950	liquid
49.206	0.10000	988.39	0.0010117	206.00	206.10	0.69348	4.0300	4.1811	1541.7	-0.20670	553.88	0.63972	liquid
49.406	0.10000	988.30	0.0010118	206.83	206.93	0.69607	4.0291	4.1812	1541.9	-0.20658	552.01	0.63995	liquid
49.606	0.10000	988.21	0.0010119	207.67	207.77	0.69867	4.0281	4.1812	1542.1	-0.20647	550.15	0.64018	liquid
49.806	0.10000	988.12	0.0010120	208.50	208.61	0.70126	4.0271	4.1813	1542.4	-0.20636	548.30	0.64040	liquid
50.006	0.10000	988.03	0.0010121	209.34	209.44	0.70384	4.0262	4.1813	1542.6	-0.20624	546.46	0.64063	liquid
50.206	0.10000	987.94	0.0010122	210.18	210.28	0.70643	4.0252	4.1814	1542.8	-0.20613	544.63	0.64085	liquid
50.406	0.10000	987.85	0.0010123	211.01	211.11	0.70902	4.0242	4.1815	1543.0	-0.20602	542.81	0.64107	liquid
50.606	0.10000	987.76	0.0010124	211.85	211.95	0.71160	4.0232	4.1815	1543.2	-0.20590	541.00	0.64130	liquid
50.806	0.10000	987.67	0.0010125	212.69	212.79	0.71418	4.0223	4.1816	1543.4	-0.20579	539.20	0.64152	liquid
51.006	0.10000	987.58	0.0010126	213.52	213.62	0.71676	4.0213	4.1816	1543.6	-0.20568	537.41	0.64174	liquid
51.206	0.10000	987.48	0.0010127	214.36	214.46	0.71934	4.0203	4.1817	1543.9	-0.20557	535.63	0.64196	liquid
51.406	0.10000	987.39	0.0010128	215.19	215.30	0.72192	4.0193	4.1818	1544.1	-0.20545	533.86	0.64218	liquid
51.606	0.10000	987.30	0.0010129	216.03	216.13	0.72449	4.0183	4.1818	1544.3	-0.20534	532.10	0.64240	liquid
51.806	0.10000	987.21	0.0010130	216.87	216.97	0.72707	4.0174	4.1819	1544.5	-0.20523	530.35	0.64262	liquid
52.006	0.10000	987.11	0.0010131	217.70	217.80	0.72964	4.0164	4.1819	1544.7	-0.20512	528.61	0.64284	liquid
52.206	0.10000	987.02	0.0010131	218.54	218.64	0.73221	4.0154	4.1820	1544.9	-0.20500	526.88	0.64306	liquid
52.406	0.10000	986.93	0.0010132	219.38	219.48	0.73478	4.0144	4.1821	1545.0	-0.20489	525.16	0.64327	liquid
52.606	0.10000	986.83	0.0010133	220.21	220.31	0.73735	4.0134	4.1821	1545.2	-0.20478	523.44	0.64349	liquid
52.806	0.10000	986.74	0.0010134	221.05	221.15	0.73992	4.0125	4.1822	1545.4	-0.20467	521.74	0.64370	liquid
53.006	0.10000	986.65	0.0010135	221.88	221.99	0.74248	4.0115	4.1823	1545.6	-0.20455	520.04	0.64392	liquid
53.206	0.10000	986.55	0.0010136	222.72	222.82	0.74505	4.0105	4.1823	1545.8	-0.20444	518.36	0.64413	liquid
53.406	0.10000	986.46	0.0010137	223.56	223.66	0.74761	4.0095	4.1824	1546.0	-0.20433	516.68	0.64434	liquid
53.606	0.10000	986.36	0.0010138	224.39	224.50	0.75017	4.0085	4.1825	1546.2	-0.20422	515.01	0.64456	liquid
53.806	0.10000	986.27	0.0010139	225.23	225.33	0.75273	4.0075	4.1825	1546.4	-0.20411	513.35	0.64477	liquid
54.005	0.10000	986.17	0.0010140	226.07	226.17	0.75529	4.0065	4.1826	1546.5	-0.20399	511.70	0.64498	liquid
54.205	0.10000	986.08	0.0010141	226.90	227.00	0.75784	4.0055	4.1827	1546.7	-0.20388	510.06	0.64519	liquid
54.405	0.10000	985.98	0.0010142	227.74	227.84	0.76040	4.0045	4.1827	1546.9	-0.20377	508.43	0.64540	liquid
54.605	0.10000	985.88	0.0010143	228.58	228.68	0.76295	4.0035	4.1828	1547.1	-0.20366	506.80	0.64561	liquid
54.805	0.10000	985.79	0.0010144	229.41	229.51	0.76550	4.0026	4.1829	1547.2	-0.20355	505.19	0.64582	liquid
55.005	0.10000	985.69	0.0010145	230.25	230.35	0.76805	4.0016	4.1830	1547.4	-0.20344	503.58	0.64603	liquid
55.205	0.10000	985.59	0.0010146	231.09	231.19	0.77060	4.0006	4.1830	1547.6	-0.20333	501.98	0.64623	liquid
55.405	0.10000	985.50	0.0010147	231.92	232.02	0.77315	3.9996	4.1831	1547.7	-0.20321	500.39	0.64644	liquid
55.605	0.10000	985.40	0.0010148	232.76	232.86	0.77569	3.9986	4.1832	1547.9	-0.20310	498.81	0.64664	liquid
55.805	0.10000	985.30	0.0010149	233.60	233.70	0.77823	3.9976	4.1833	1548.0	-0.20299	497.24	0.64685	liquid
56.005	0.10000	985.20	0.0010150	234.43	234.53	0.78078	3.9966	4.1833	1548.2	-0.20288	495.67	0.64705	liquid
56.205	0.10000	985.10	0.0010151	235.27	235.37	0.78332	3.9956	4.1834	1548.4	-0.20277	494.11	0.64726	liquid
56.405	0.10000	985.01	0.0010152	236.11	236.21	0.78586	3.9946	4.1835	1548.5	-0.20266	492.56	0.64746	liquid
56.605	0.10000	984.91	0.0010153	236.94	237.04	0.78840	3.9936	4.1836	1548.7	-0.20255	491.02	0.64766	liquid
56.805	0.10000	984.81	0.0010154	237.78	237.88	0.79093	3.9926	4.1836	1548.8	-0.20244	489.49	0.64787	liquid
57.005	0.10000	984.71	0.0010155	238.62	238.72	0.79347	3.9916	4.1837	1549.0	-0.20233	487.96	0.64807	liquid
57.205	0.10000	984.61	0.0010156	239.45	239.55	0.79600	3.9906	4.1838	1549.1	-0.20221	486.45	0.64827	liquid
57.405	0.10000	984.51	0.0010157	240.29	240.39	0.79853	3.9896	4.1839	1549.3	-0.20210	484.94	0.64847	liquid
57.605	0.10000	984.41	0.0010158	241.13	241.23	0.80106	3.9886	4.1840	1549.4	-0.20199	483.43	0.64867	liquid
57.805	0.10000	984.31	0.0010159	241.96	242.06	0.80359	3.9876	4.1840	1549.5	-0.20188	481.94	0.64886	liquid
58.005	0.10000	984.21	0.0010160	242.80	242.90	0.80612	3.9865	4.1841	1549.7	-0.20177	480.45	0.64906	liquid
58.205	0.10000	984.11	0.0010161	243.64	243.74	0.80865	3.9855	4.1842	1549.8	-0.20166	478.98	0.64926	liquid
58.405	0.10000	984.01	0.0010163	244.47	244.57	0.81117	3.9845	4.1843	1550.0	-0.20155	477.50	0.64946	liquid
58.605	0.10000	983.91	0.0010164	245.31	245.41	0.81369	3.9835	4.1844	1550.1	-0.20144	476.04	0.64965	liquid
58.805	0.10000	983.81	0.0010165	246.15	246.25	0.81621	3.9825	4.1844	1550.2	-0.20133	474.58	0.64985	liquid
59.005	0.10000	983.70	0.0010166	246.98	247.08	0.81873	3.9815	4.1845	1550.4	-0.20122	473.13	0.65004	liquid
59.205	0.10000	983.60	0.0010167	247.82	247.92	0.82125	3.9805	4.1846	1550.5	-0.20111	471.69	0.65024	liquid
59.405	0.10000	983.50	0.0010168	248.66	248.76	0.82377	3.9795	4.1847	1550.6	-0.20100	470.26	0.65043	liquid
59.605	0.10000	983.40	0.0010169	249.49	249.59	0.82629	3.9785	4.1848	1550.7	-0.20089	468.83	0.65062	liquid
59.805	0.10000	983.30	0.0010170	250.33	250.43	0.82880	3.9775	4.1849	1550.9	-0.20078	467.41	0.65081	liquid
60.005	0.10000	983.19	0.0010171	251.17	251.27	0.83131	3.9764	4.1850	1551.0	-0.20067	466.00	0.65100	liquid
60.205	0.10000	983.09	0.0010172	252.00	252.11	0.83382	3.9754	4.1850	1551.1	-0.20056	464.59	0.65120	liquid
60.405	0.10000	982.99	0.0010173	252.84	252.94	0.83633	3.9744	4.1851	1551.2	-0.20045	463.20	0.65138	liquid
60.605	0.10000	982.88	0.0010174	253.68	253.78	0.83884	3.9734	4.1852	1551.3	-0.20034	461.80	0.65157	liquid
60.805	0.10000	982.78	0.0010175	254.51	254.62	0.84135	3.9724	4.1853	1551.4	-0.20023	460.42	0.65176	liquid
61.005	0.10000	982.68	0.0010176	255.35	255.45	0.84386	3.9714	4.1854	1551.5	-0.20011	459.04	0.65195	liquid
61.205	0.10000	982.57	0.0010177	256.19	256.29	0.84636	3.9704	4.1855	1551.7	-0.20000	457.67	0.65214	liquid
61.405	0.10000	982.47	0.0010178	257.03	257.13	0.84886	3.9693	4.1856	1551.8	-0.19989	456.31	0.65233	liquid
61.605	0.10000	982.36	0.0010180	257.86	257.96	0.85136	3.9683	4.1857	1551.9	-0.19978	454.95	0.65251	liquid
61.805	0.10000	982.26	0.0010181	258.70	258.80	0.85386	3.9673	4.1858	1552.0	-0.19967	453.60	0.65270	liquid
62.005	0.10000	982.15	0.0010182	259.54	259.64	0.85636	3.9663	4.1859	1552.1	-0.19956	452.26	0.65288	liquid
62.205	0.10000	982.05	0.0010183	260.37	260.48	0.85886	3.9653	4.1860	1552.2	-0.19945	450.92	0.65307	liquid
62.405	0.10000	981.94	0.0010184	261.21	261.31	0.86135	3.9642	4.1860	1552.3	-0.19934	449.59	0.65325	liquid
62.605	0.10000	981.84	0.0010185	262.05	262.15	0.86385	3.9632	4.1861	1552.4	-0.19923	448.26	0.65343	liquid
62.805	0.10000	981.73	0.0010186	262.89	262.99	0.86634	3.9622	4.1862	1552.5	-0.19912	446.95	0.65361	liquid
63.005	0.10000	981.62	0.0010187	263.72	263.82	0.86883	3.9612	4.1863	1552.6	-0.19901	445.64	0.65380	liquid
63.205	0.10000	981.52	0.0010188	264.56	264.66	0.87132	3.9601	4.1864	1552.7	-0.19890	444.33	0.65398	liquid
63.405	0.10000	981.41	0.0010189	265.40	265.50	0.87381	3.9591	4.1865	1552.7	-0.19879	443.03	0.65416	liquid
63.605	0.10000	981.30	0.0010191	266.23	266.34	0.87630	3.9581	4.1866	1552.8	-0.19868	441.74	0.65434	liquid
63.805	0.10000	981.20	0.0010192	267.07	267.17	0.87878	3.9571	4.1867	1552.9	-0.19858	440.46	0.65452	liquid
64.005	0.10000	981.09	0.0010193	267.91	268.01	0.88127	3.9561	4.1868	1553.0	-0.19847	439.18	0.65470	liquid
64.205	0.10000	980.98	0.0010194	268.75	268.85	0.88375	3.9550	4.1869	1553.1	-0.19836	437.90	0.65487	liquid
64.405	0.10000	980.87	0.0010195	269.58	269.69	0.88623	3.9540	4.1870	1553.2	-0.19825	436.64	0.65505	liquid
64.605	0.10000	980.76	0.0010196	270.42	270.52	0.88871	3.9530	4.1871	1553.2	-0.19814	435.38	0.65523	liquid
64.805	0.10000	980.66	0.0010197	271.26	271.36	0.89119	3.9519	4.1872	1553.3	-0.19803	434.12	0.65540	liquid
65.005	0.10000	980.55	0.0010198	272.10	272.20	0.89367	3.9509	4.1873	1553.4	-0.19792	432.87	0.65558	liquid
65.205	0.10000	980.44	0.0010200	272.93	273.03	0.89614	3.9499	4.1874	1553.5	-0.19781	431.63	0.65575	liquid
65.405	0.10000	980.33	0.0010201	273.77	273.87	0.89862	3.9489	4.1875	1553.5	-0.19770	430.40	0.65593	liquid
65.605	0.10000	980.22	0.0010202	274.61	274.71	0.90109	3.9478	4.1876	1553.6	-0.19759	429.16	0.65610	liquid
65.805	0.10000	980.11	0.0010203	275.45	275.55	0.90356	3.9468	4.1877	1553.7	-0.19748	427.94	0.65627	liquid
66.004	0.10000	980.00	0.0010204	276.28	276.38	0.90603	3.9458	4.1878	1553.8	-0.19737	426.72	0.65645	liquid
66.204	0.10000	979.89	0.0010205	277.12	277.22	0.90850	3.9447	4.1880	1553.8	-0.19726	425.51	0.65662	liquid
66.404	0.10000	979.78	0.0010206	277.96	278.06	0.91097	3.9437	4.1881	1553.9	-0.19715	424.30	0.65679	liquid
66.604	0.10000	979.67	0.0010208	278.80	278.90	0.91343	3.9427	4.1882	1553.9	-0.19704	423.10	0.65696	liquid
66.804	0.10000	979.56	0.0010209	279.63	279.73	0.91590	3.9416	4.1883	1554.0	-0.19693	421.90	0.65713	liquid
67.004	0.10000	979.45	0.0010210	280.47	280.57	0.91836	3.9406	4.1884	1554.1	-0.19682	420.71	0.65730	liquid
67.204	0.10000	979.34	0.0010211	281.31	281.41	0.92082	3.9396	4.1885	1554.1	-0.19671	419.53	0.65747	liquid
67.404	0.10000	979.23	0.0010212	282.15	282.25	0.92328	3.9385	4.1886	1554.2	-0.19660	418.35	0.65763	liquid
67.604	0.10000	979.12	0.0010213	282.98	283.09	0.92574	3.9375	4.1887	1554.2	-0.19649	417.18	0.65780	liquid
67.804	0.10000	979.00	0.0010214	283.82	283.92	0.92820	3.9365	4.1888	1554.3	-0.19638	416.01	0.65797	liquid
68.004	0.10000	978.89	0.0010216	284.66	284.76	0.93066	3.9354	4.1889	1554.3	-0.19627	414.85	0.65813	liquid
68.204	0.10000	978.78	0.0010217	285.50	285.60	0.93311	3.9344	4.1890	1554.4	-0.19616	413.69	0.65830	liquid
68.404	0.10000	978.67	0.0010218	286.33	286.44	0.93556	3.9334	4.1892	1554.4	-0.19605	412.54	0.65846	liquid
68.604	0.10000	978.56	0.0010219	287.17	287.27	0.93802	3.9323	4.1893	1554.5	-0.19594	411.40	0.65863	liquid
68.804	0.10000	978.44	0.0010220	288.01	288.11	0.94047	3.9313	4.1894	1554.5	-0.19583	410.26	0.65879	liquid
69.004	0.10000	978.33	0.0010222	288.85	288.95	0.94292	3.9303	4.1895	1554.6	-0.19572	409.12	0.65896	liquid
69.204	0.10000	978.22	0.0010223	289.69	289.79	0.94536	3.9292	4.1896	1554.6	-0.19561	407.99	0.65912	liquid
69.404	0.10000	978.10	0.0010224	290.52	290.63	0.94781	3.9282	4.1897	1554.6	-0.19550	406.87	0.65928	liquid
69.604	0.10000	977.99	0.0010225	291.36	291.46	0.95026	3.9272	4.1898	1554.7	-0.19539	405.75	0.65944	liquid
69.804	0.10000	977.88	0.0010226	292.20	292.30	0.95270	3.9261	4.1900	1554.7	-0.19528	404.63	0.65960	liquid
70.004	0.10000	977.76	0.0010227	293.04	293.14	0.95514	3.9251	4.1901	1554.7	-0.19517	403.52	0.65976	liquid
70.204	0.10000	977.65	0.0010229	293.87	293.98	0.95758	3.9240	4.1902	1554.8	-0.19506	402.42	0.65992	liquid
70.404	0.10000	977.53	0.0010230	294.71	294.81	0.96002	3.9230	4.1903	1554.8	-0.19495	401.32	0.66008	liquid
70.604	0.10000	977.42	0.0010231	295.55	295.65	0.96246	3.9220	4.1904	1554.8	-0.19484	400.23	0.66024	liquid
70.804	0.10000	977.30	0.0010232	296.39	296.49	0.96490	3.9209	4.1905	1554.9	-0.19473	399.14	0.66039	liquid
71.004	0.10000	977.19	0.0010233	297.23	297.33	0.96733	3.9199	4.1907	1554.9	-0.19462	398.06	0.66055	liquid
71.204	0.10000	977.07	0.0010235	298.06	298.17	0.96977	3.9188	4.1908	1554.9	-0.19451	396.98	0.66071	liquid
71.404	0.10000	976.96	0.0010236	298.90	299.01	0.97220	3.9178	4.1909	1554.9	-0.19440	395.91	0.66086	liquid
71.604	0.10000	976.84	0.0010237	299.74	299.84	0.97463	3.9168	4.1910	1555.0	-0.19430	394.84	0.66102	liquid
71.804	0.10000	976.73	0.0010238	300.58	300.68	0.97706	3.9157	4.1912	1555.0	-0.19419	393.77	0.66117	liquid
72.004	0.10000	976.61	0.0010240	301.42	301.52	0.97949	3.9147	4.1913	1555.0	-0.19408	392.71	0.66133	liquid
72.204	0.10000	976.49	0.0010241	302.26	302.36	0.98192	3.9136	4.1914	1555.0	-0.19397	391.66	0.66148	liquid
72.404	0.10000	976.38	0.0010242	303.09	303.20	0.98435	3.9126	4.1915	1555.0	-0.19386	390.61	0.66163	liquid
72.604	0.10000	976.26	0.0010243	303.93	304.03	0.98677	3.9116	4.1917	1555.0	-0.19375	389.57	0.66178	liquid
72.804	0.10000	976.14	0.0010244	304.77	304.87	0.98920	3.9105	4.1918	1555.0	-0.19364	388.53	0.66194	liquid
73.004	0.10000	976.02	0.0010246	305.61	305.71	0.99162	3.9095	4.1919	1555.1	-0.19353	387.49	0.66209	liquid
73.204	0.10000	975.91	0.0010247	306.45	306.55	0.99404	3.9084	4.1920	1555.1	-0.19342	386.46	0.66224	liquid
73.404	0.10000	975.79	0.0010248	307.28	307.39	0.99646	3.9074	4.1922	1555.1	-0.19331	385.44	0.66239	liquid
73.604	0.10000	975.67	0.0010249	308.12	308.23	0.99888	3.9063	4.1923	1555.1	-0.19320	384.42	0.66254	liquid
73.804	0.10000	975.55	0.0010251	308.96	309.06	1.0013	3.9053	4.1924	1555.1	-0.19309	383.40	0.66268	liquid
74.004	0.10000	975.43	0.0010252	309.80	309.90	1.0037	3.9042	4.1925	1555.1	-0.19298	382.39	0.66283	liquid
74.204	0.10000	975.32	0.0010253	310.64	310.74	1.0061	3.9032	4.1927	1555.1	-0.19287	381.38	0.66298	liquid
74.404	0.10000	975.20	0.0010254	311.48	311.58	1.0085	3.9022	4.1928	1555.1	-0.19276	380.38	0.66313	liquid
74.604	0.10000	975.08	0.0010256	312.32	312.42	1.0110	3.9011	4.1929	1555.1	-0.19265	379.38	0.66327	liquid
74.804	0.10000	974.96	0.0010257	313.15	313.26	1.0134	3.9001	4.1931	1555.1	-0.19253	378.39	0.66342	liquid
75.004	0.10000	974.84	0.0010258	313.99	314.10	1.0158	3.8990	4.1932	1555.1	-0.19242	377.40	0.66356	liquid
75.204	0.10000	974.72	0.0010259	314.83	314.93	1.0182	3.8980	4.1933	1555.1	-0.19231	376.41	0.66371	liquid
75.404	0.10000	974.60	0.0010261	315.67	315.77	1.0206	3.8969	4.1935	1555.1	-0.19220	375.43	0.66385	liquid
75.604	0.10000	974.48	0.0010262	316.51	316.61	1.0230	3.8959	4.1936	1555.0	-0.19209	374.46	0.66399	liquid
75.804	0.10000	974.36	0.0010263	317.35	317.45	1.0254	3.8948	4.1937	1555.0	-0.19198	373.48	0.66414	liquid
76.004	0.10000	974.24	0.0010264	318.19	318.29	1.0278	3.8938	4.1939	1555.0	-0.19187	372.52	0.66428	liquid
76.204	0.10000	974.12	0.0010266	319.02	319.13	1.0302	3.8927	4.1940	1555.0	-0.19176	371.55	0.66442	liquid
76.404	0.10000	974.00	0.0010267	319.86	319.97	1.0326	3.8917	4.1942	1555.0	-0.19165	370.59	0.66456	liquid
76.604	0.10000	973.88	0.0010268	320.70	320.80	1.0350	3.8906	4.1943	1555.0	-0.19154	369.64	0.66470	liquid
76.804	0.10000	973.76	0.0010270	321.54	321.64	1.0374	3.8896	4.1944	1554.9	-0.19143	368.69	0.66484	liquid
77.004	0.10000	973.63	0.0010271	322.38	322.48	1.0398	3.8886	4.1946	1554.9	-0.19132	367.74	0.66498	liquid
77.204	0.10000	973.51	0.0010272	323.22	323.32	1.0422	3.8875	4.1947	1554.9	-0.19121	366.80	0.66512	liquid
77.404	0.10000	973.39	0.0010273	324.06	324.16	1.0446	3.8865	4.1949	1554.9	-0.19110	365.86	0.66526	liquid
77.604	0.10000	973.27	0.0010275	324.90	325.00	1.0470	3.8854	4.1950	1554.9	-0.19099	364.93	0.66539	liquid
77.804	0.10000	973.15	0.0010276	325.74	325.84	1.0494	3.8844	4.1951	1554.8	-0.19088	364.00	0.66553	liquid
78.003	0.10000	973.02	0.0010277	326.57	326.68	1.0518	3.8833	4.1953	1554.8	-0.19077	363.07	0.66567	liquid
78.203	0.10000	972.90	0.0010279	327.41	327.52	1.0541	3.8823	4.1954	1554.8	-0.19066	362.15	0.66580	liquid
78.403	0.10000	972.78	0.0010280	328.25	328.35	1.0565	3.8812	4.1956	1554.7	-0.19055	361.23	0.66594	liquid
78.603	0.10000	972.66	0.0010281	329.09	329.19	1.0589	3.8802	4.1957	1554.7	-0.19044	360.32	0.66607	liquid
78.803	0.10000	972.53	0.0010282	329.93	330.03	1.0613	3.8791	4.1959	1554.7	-0.19032	359.41	0.66621	liquid
79.003	0.10000	972.41	0.0010284	330.77	330.87	1.0637	3.8781	4.1960	1554.6	-0.19021	358.51	0.66634	liquid
79.203	0.10000	972.28	0.0010285	331.61	331.71	1.0661	3.8770	4.1962	1554.6	-0.19010	357.60	0.66647	liquid
79.403	0.10000	972.16	0.0010286	332.45	332.55	1.0684	3.8760	4.1963	1554.6	-0.18999	356.71	0.66660	liquid
79.603	0.10000	972.04	0.0010288	333.29	333.39	1.0708	3.8749	4.1965	1554.5	-0.18988	355.81	0.66673	liquid
79.803	0.10000	971.91	0.0010289	334.13	334.23	1.0732	3.8739	4.1966	1554.5	-0.18977	354.92	0.66687	liquid
80.003	0.10000	971.79	0.0010290	334.97	335.07	1.0756	3.8728	4.1968	1554.4	-0.18966	354.04	0.66700	liquid
80.203	0.10000	971.66	0.0010292	335.80	335.91	1.0780	3.8718	4.1969	1554.4	-0.18955	353.15	0.66713	liquid
80.403	0.10000	971.54	0.0010293	336.64	336.75	1.0803	3.8707	4.1971	1554.3	-0.18944	352.27	0.66725	liquid
80.603	0.10000	971.41	0.0010294	337.48	337.59	1.0827	3.8697	4.1972	1554.3	-0.18932	351.40	0.66738	liquid
80.803	0.10000	971.29	0.0010296	338.32	338.43	1.0851	3.8686	4.1974	1554.2	-0.18921	350.53	0.66751	liquid
81.003	0.10000	971.16	0.0010297	339.16	339.26	1.0875	3.8676	4.1975	1554.2	-0.18910	349.66	0.66764	liquid
81.203	0.10000	971.04	0.0010298	340.00	340.10	1.0898	3.8665	4.1977	1554.1	-0.18899	348.80	0.66777	liquid
81.403	0.10000	970.91	0.0010300	340.84	340.94	1.0922	3.8655	4.1978	1554.1	-0.18888	347.94	0.66789	liquid
81.603	0.10000	970.78	0.0010301	341.68	341.78	1.0946	3.8644	4.1980	1554.0	-0.18877	347.08	0.66802	liquid
81.803	0.10000	970.66	0.0010302	342.52	342.62	1.0969	3.8634	4.1981	1554.0	-0.18866	346.23	0.66814	liquid
82.003	0.10000	970.53	0.0010304	343.36	343.46	1.0993	3.8623	4.1983	1553.9	-0.18854	345.38	0.66827	liquid
82.203	0.10000	970.40	0.0010305	344.20	344.30	1.1016	3.8613	4.1985	1553.9	-0.18843	344.53	0.66839	liquid
82.403	0.10000	970.28	0.0010306	345.04	345.14	1.1040	3.8602	4.1986	1553.8	-0.18832	343.69	0.66851	liquid
82.603	0.10000	970.15	0.0010308	345.88	345.98	1.1064	3.8592	4.1988	1553.7	-0.18821	342.85	0.66864	liquid
82.803	0.10000	970.02	0.0010309	346.72	346.82	1.1087	3.8581	4.1989	1553.7	-0.18810	342.02	0.66876	liquid
83.003	0.10000	969.90	0.0010310	347.56	347.66	1.1111	3.8571	4.1991	1553.6	-0.18798	341.19	0.66888	liquid
83.203	0.10000	969.77	0.0010312	348.40	348.50	1.1134	3.8560	4.1993	1553.5	-0.18787	340.36	0.66900	liquid
83.403	0.10000	969.64	0.0010313	349.24	349.34	1.1158	3.8550	4.1994	1553.5	-0.18776	339.53	0.66912	liquid
83.603	0.10000	969.51	0.0010314	350.08	350.18	1.1182	3.8539	4.1996	1553.4	-0.18765	338.71	0.66924	liquid
83.803	0.10000	969.38	0.0010316	350.92	351.02	1.1205	3.8529	4.1997	1553.3	-0.18754	337.90	0.66936	liquid
84.003	0.10000	969.25	0.0010317	351.76	351.86	1.1229	3.8518	4.1999	1553.3	-0.18742	337.08	0.66948	liquid
84.203	0.10000	969.13	0.0010319	352.60	352.70	1.1252	3.8508	4.2001	1553.2	-0.18731	336.27	0.66960	liquid
84.403	0.10000	969.00	0.0010320	353.44	353.54	1.1276	3.8497	4.2002	1553.1	-0.18720	335.46	0.66972	liquid
84.603	0.10000	968.87	0.0010321	354.28	354.38	1.1299	3.8487	4.2004	1553.0	-0.18709	334.66	0.66984	liquid
84.803	0.10000	968.74	0.0010323	355.12	355.22	1.1323	3.8476	4.2006	1553.0	-0.18697	333.86	0.66995	liquid
85.003	0.10000	968.61	0.0010324	355.96	356.06	1.1346	3.8466	4.2007	1552.9	-0.18686	333.06	0.67007	liquid
85.203	0.10000	968.48	0.0010325	356.80	356.90	1.1370	3.8455	4.2009	1552.8	-0.18675	332.27	0.67018	liquid
85.403	0.10000	968.35	0.0010327	357.64	357.74	1.1393	3.8445	4.2011	1552.7	-0.18664	331.48	0.67030	liquid
85.603	0.10000	968.22	0.0010328	358.48	358.58	1.1416	3.8434	4.2013	1552.6	-0.18652	330.69	0.67041	liquid
85.803	0.10000	968.09	0.0010330	359.32	359.42	1.1440	3.8424	4.2014	1552.5	-0.18641	329.91	0.67053	liquid
86.003	0.10000	967.96	0.0010331	360.16	360.26	1.1463	3.8413	4.2016	1552.5	-0.18630	329.13	0.67064	liquid
86.203	0.10000	967.83	0.0010332	361.00	361.10	1.1487	3.8403	4.2018	1552.4	-0.18619	328.35	0.67075	liquid
86.403	0.10000	967.70	0.0010334	361.84	361.94	1.1510	3.8392	4.2019	1552.3	-0.18607	327.58	0.67087	liquid
86.603	0.10000	967.57	0.0010335	362.68	362.78	1.1533	3.8382	4.2021	1552.2	-0.18596	326.80	0.67098	liquid
86.803	0.10000	967.43	0.0010337	363.52	363.62	1.1557	3.8371	4.2023	1552.1	-0.18585	326.04	0.67109	liquid
87.003	0.10000	967.30	0.0010338	364.36	364.46	1.1580	3.8361	4.2025	1552.0	-0.18573	325.27	0.67120	liquid
87.203	0.10000	967.17	0.0010339	365.20	365.30	1.1603	3.8350	4.2027	1551.9	-0.18562	324.51	0.67131	liquid
87.403	0.10000	967.04	0.0010341	366.04	366.14	1.1627	3.8340	4.2028	1551.8	-0.18551	323.75	0.67142	liquid
87.603	0.10000	966.91	0.0010342	366.88	366.98	1.1650	3.8329	4.2030	1551.7	-0.18539	323.00	0.67153	liquid
87.803	0.10000	966.77	0.0010344	367.72	367.82	1.1673	3.8319	4.2032	1551.6	-0.18528	322.24	0.67163	liquid
88.003	0.10000	966.64	0.0010345	368.56	368.67	1.1697	3.8308	4.2034	1551.5	-0.18517	321.49	0.67174	liquid
88.203	0.10000	966.51	0.0010347	369.40	369.51	1.1720	3.8298	4.2035	1551.4	-0.18505	320.75	0.67185	liquid
88.403	0.10000	966.38	0.0010348	370.24	370.35	1.1743	3.8287	4.2037	1551.3	-0.18494	320.00	0.67196	liquid
88.603	0.10000	966.24	0.0010349	371.08	371.19	1.1766	3.8277	4.2039	1551.2	-0.18482	319.26	0.67206	liquid
88.803	0.10000	966.11	0.0010351	371.92	372.03	1.1790	3.8266	4.2041	1551.1	-0.18471	318.53	0.67217	liquid
89.003	0.10000	965.98	0.0010352	372.77	372.87	1.1813	3.8256	4.2043	1551.0	-0.18460	317.79	0.67227	liquid
89.203	0.10000	965.84	0.0010354	373.61	373.71	1.1836	3.8245	4.2045	1550.9	-0.18448	317.06	0.67238	liquid
89.403	0.10000	965.71	0.0010355	374.45	374.55	1.1859	3.8235	4.2046	1550.8	-0.18437	316.33	0.67248	liquid
89.603	0.10000	965.58	0.0010357	375.29	375.39	1.1882	3.8224	4.2048	1550.7	-0.18425	315.61	0.67258	liquid
89.803	0.10000	965.44	0.0010358	376.13	376.23	1.1906	3.8214	4.2050	1550.6	-0.18414	314.89	0.67269	liquid
90.002	0.10000	965.31	0.0010359	376.97	377.07	1.1929	3.8203	4.2052	1550.4	-0.18403	314.17	0.67279	liquid
90.202	0.10000	965.17	0.0010361	377.81	377.91	1.1952	3.8193	4.2054	1550.3	-0.18391	313.45	0.67289	liquid
90.402	0.10000	965.04	0.0010362	378.65	378.75	1.1975	3.8182	4.2056	1550.2	-0.18380	312.74	0.67299	liquid
90.602	0.10000	964.90	0.0010364	379.49	379.60	1.1998	3.8172	4.2058	1550.1	-0.18368	312.02	0.67309	liquid
90.802	0.10000	964.77	0.0010365	380.33	380.44	1.2021	3.8161	4.2060	1550.0	-0.18357	311.32	0.67319	liquid
91.002	0.10000	964.63	0.0010367	381.17	381.28	1.2044	3.8151	4.2062	1549.9	-0.18345	310.61	0.67329	liquid
91.202	0.10000	964.50	0.0010368	382.02	382.12	1.2067	3.8140	4.2064	1549.7	-0.18334	309.91	0.67339	liquid
91.402	0.10000	964.36	0.0010370	382.86	382.96	1.2091	3.8130	4.2065	1549.6	-0.18322	309.21	0.67349	liquid
91.602	0.10000	964.23	0.0010371	383.70	383.80	1.2114	3.8120	4.2067	1549.5	-0.18311	308.51	0.67359	liquid
91.802	0.10000	964.09	0.0010372	384.54	384.64	1.2137	3.8109	4.2069	1549.4	-0.18299	307.82	0.67368	liquid
92.002	0.10000	963.95	0.0010374	385.38	385.48	1.2160	3.8099	4.2071	1549.2	-0.18288	307.13	0.67378	liquid
92.202	0.10000	963.82	0.0010375	386.22	386.33	1.2183	3.8088	4.2073	1549.1	-0.18276	306.44	0.67388	liquid
92.402	0.10000	963.68	0.0010377	387.06	387.17	1.2206	3.8078	4.2075	1549.0	-0.18265	305.75	0.67397	liquid
92.602	0.10000	963.54	0.0010378	387.91	388.01	1.2229	3.8067	4.2077	1548.9	-0.18253	305.07	0.67407	liquid
92.802	0.10000	963.41	0.0010380	388.75	388.85	1.2252	3.8057	4.2079	1548.7	-0.18242	304.39	0.67416	liquid
93.002	0.10000	963.27	0.0010381	389.59	389.69	1.2275	3.8046	4.2081	1548.6	-0.18230	303.71	0.67426	liquid
93.202	0.10000	963.13	0.0010383	390.43	390.53	1.2298	3.8036	4.2083	1548.5	-0.18218	303.04	0.67435	liquid
93.402	0.10000	962.99	0.0010384	391.27	391.38	1.2321	3.8025	4.2085	1548.3	-0.18207	302.36	0.67444	liquid
93.602	0.10000	962.86	0.0010386	392.11	392.22	1.2344	3.8015	4.2087	1548.2	-0.18195	301.69	0.67454	liquid
93.802	0.10000	962.72	0.0010387	392.95	393.06	1.2367	3.8004	4.2089	1548.0	-0.18184	301.03	0.67463	liquid
94.002	0.10000	962.58	0.0010389	393.80	393.90	1.2390	3.7994	4.2091	1547.9	-0.18172	300.36	0.67472	liquid
94.202	0.10000	962.44	0.0010390	394.64	394.74	1.2412	3.7984	4.2093	1547.8	-0.18160	299.70	0.67481	liquid
94.402	0.10000	962.30	0.0010392	395.48	395.58	1.2435	3.7973	4.2096	1547.6	-0.18149	299.04	0.67490	liquid
94.602	0.10000	962.16	0.0010393	396.32	396.43	1.2458	3.7963	4.2098	1547.5	-0.18137	298.38	0.67499	liquid
94.802	0.10000	962.02	0.0010395	397.16	397.27	1.2481	3.7952	4.2100	1547.3	-0.18125	297.73	0.67508	liquid
95.002	0.10000	961.89	0.0010396	398.01	398.11	1.2504	3.7942	4.2102	1547.2	-0.18114	297.08	0.67517	liquid
95.202	0.10000	961.75	0.0010398	398.85	398.95	1.2527	3.7931	4.2104	1547.0	-0.18102	296.43	0.67526	liquid
95.402	0.10000	961.61	0.0010399	399.69	399.79	1.2550	3.7921	4.2106	1546.9	-0.18090	295.78	0.67534	liquid
95.602	0.10000	961.47	0.0010401	400.53	400.64	1.2573	3.7910	4.2108	1546.8	-0.18079	295.14	0.67543	liquid
95.802	0.10000	961.33	0.0010402	401.37	401.48	1.2595	3.7900	4.2110	1546.6	-0.18067	294.50	0.67552	liquid
96.002	0.10000	961.19	0.0010404	402.22	402.32	1.2618	3.7890	4.2112	1546.4	-0.18055	293.86	0.67560	liquid
96.202	0.10000	961.05	0.0010405	403.06	403.16	1.2641	3.7879	4.2114	1546.3	-0.18044	293.22	0.67569	liquid
96.402	0.10000	960.91	0.0010407	403.90	404.00	1.2664	3.7869	4.2117	1546.1	-0.18032	292.59	0.67577	liquid
96.602	0.10000	960.77	0.0010408	404.74	404.85	1.2687	3.7858	4.2119	1546.0	-0.18020	291.95	0.67586	liquid
96.802	0.10000	960.63	0.0010410	405.58	405.69	1.2709	3.7848	4.2121	1545.8	-0.18008	291.33	0.67594	liquid
97.002	0.10000	960.48	0.0010411	406.43	406.53	1.2732	3.7837	4.2123	1545.7	-0.17997	290.70	0.67602	liquid
97.202	0.10000	960.34	0.0010413	407.27	407.37	1.2755	3.7827	4.2125	1545.5	-0.17985	290.07	0.67611	liquid
97.402	0.10000	960.20	0.0010414	408.11	408.22	1.2778	3.7817	4.2127	1545.4	-0.17973	289.45	0.67619	liquid
97.602	0.10000	960.06	0.0010416	408.95	409.06	1.2800	3.7806	4.2130	1545.2	-0.17961	288.83	0.67627	liquid
97.802	0.10000	959.92	0.0010418	409.80	409.90	1.2823	3.7796	4.2132	1545.0	-0.17950	288.21	0.67635	liquid
98.002	0.10000	959.78	0.0010419	410.64	410.74	1.2846	3.7785	4.2134	1544.9	-0.17938	287.60	0.67643	liquid
98.202	0.10000	959.63	0.0010421	411.48	411.59	1.2869	3.7775	4.2136	1544.7	-0.17926	286.99	0.67651	liquid
98.402	0.10000	959.49	0.0010422	412.32	412.43	1.2891	3.7765	4.2139	1544.5	-0.17914	286.38	0.67659	liquid
98.602	0.10000	959.35	0.0010424	413.17	413.27	1.2914	3.7754	4.2141	1544.4	-0.17902	285.77	0.67667	liquid
98.802	0.10000	959.21	0.0010425	414.01	414.11	1.2937	3.7744	4.2143	1544.2	-0.17890	285.16	0.67675	liquid
99.002	0.10000	959.06	0.0010427	414.85	414.96	1.2959	3.7733	4.2145	1544.0	-0.17878	284.56	0.67683	liquid
99.202	0.10000	958.92	0.0010428	415.70	415.80	1.2982	3.7723	4.2148	1543.9	-0.17867	283.96	0.67691	liquid
99.402	0.10000	958.78	0.0010430	416.54	416.64	1.3004	3.7713	4.2150	1543.7	-0.17855	283.36	0.67698	liquid
99.602	0.10000	958.63	0.0010432	417.38	417.49	1.3027	3.7702	4.2152	1543.5	-0.17843	282.76	0.67706	liquid
99.606	0.10000	958.63	0.0010432	417.40	417.50	1.3028	3.7702	4.2152	1543.5	-0.17843	282.75	0.67706	liquid
99.606	0.10000	0.59034	1.6939	2505.6	2674.9	7.3588	1.5548	2.0784	471.99	67.038	12.218	0.024532	vapor
99.802	0.10000	0.59001	1.6949	2505.9	2675.4	7.3599	1.5541	2.0775	472.13	66.838	12.226	0.024548	vapor
100.00	0.10000	0.58967	1.6959	2506.2	2675.8	7.3611	1.5535	2.0766	472.28	66.636	12.234	0.024564	vapor
100.20	0.10000	0.58933	1.6969	2506.5	2676.2	7.3622	1.5529	2.0757	472.42	66.435	12.241	0.024581	vapor
100.40	0.10000	0.58898	1.6978	2506.8	2676.6	7.3633	1.5522	2.0748	472.56	66.235	12.249	0.024598	vapor
100.60	0.10000	0.58864	1.6988	2507.1	2677.0	7.3644	1.5516	2.0739	472.71	66.037	12.257	0.024614	vapor
100.80	0.10000	0.58830	1.6998	2507.4	2677.4	7.3655	1.5510	2.0730	472.85	65.841	12.265	0.024631	vapor
101.00	0.10000	0.58796	1.7008	2507.8	2677.8	7.3666	1.5504	2.0722	472.99	65.646	12.272	0.024647	vapor
101.20	0.10000	0.58762	1.7018	2508.1	2678.3	7.3677	1.5498	2.0713	473.13	65.452	12.280	0.024664	vapor
101.40	0.10000	0.58729	1.7027	2508.4	2678.7	7.3688	1.5492	2.0705	473.28	65.259	12.288	0.024680	vapor
101.60	0.10000	0.58695	1.7037	2508.7	2679.1	7.3699	1.5486	2.0696	473.42	65.068	12.295	0.024697	vapor
101.80	0.10000	0.58661	1.7047	2509.0	2679.5	7.3710	1.5480	2.0688	473.56	64.878	12.303	0.024714	vapor
102.00	0.10000	0.58627	1.7057	2509.3	2679.9	7.3721	1.5474	2.0680	473.70	64.689	12.311	0.024730	vapor
102.20	0.10000	0.58594	1.7067	2509.7	2680.3	7.3732	1.5469	2.0672	473.84	64.502	12.318	0.024747	vapor
102.40	0.10000	0.58560	1.7077	2510.0	2680.7	7.3743	1.5463	2.0664	473.98	64.315	12.326	0.024763	vapor
102.60	0.10000	0.58526	1.7086	2510.3	2681.2	7.3754	1.5458	2.0656	474.12	64.130	12.334	0.024780	vapor
102.80	0.10000	0.58493	1.7096	2510.6	2681.6	7.3765	1.5452	2.0648	474.26	63.946	12.342	0.024797	vapor
103.00	0.10000	0.58459	1.7106	2510.9	2682.0	7.3776	1.5447	2.0640	474.40	63.764	12.349	0.024813	vapor
103.20	0.10000	0.58426	1.7116	2511.2	2682.4	7.3787	1.5442	2.0633	474.54	63.582	12.357	0.024830	vapor
103.40	0.10000	0.58392	1.7125	2511.5	2682.8	7.3798	1.5437	2.0625	474.68	63.402	12.365	0.024846	vapor
103.60	0.10000	0.58359	1.7135	2511.9	2683.2	7.3809	1.5431	2.0618	474.82	63.222	12.372	0.024863	vapor
103.80	0.10000	0.58326	1.7145	2512.2	2683.6	7.3820	1.5426	2.0610	474.96	63.044	12.380	0.024880	vapor
104.00	0.10000	0.58293	1.7155	2512.5	2684.0	7.3831	1.5421	2.0603	475.10	62.867	12.388	0.024896	vapor
104.20	0.10000	0.58259	1.7165	2512.8	2684.5	7.3842	1.5416	2.0596	475.24	62.690	12.396	0.024913	vapor
104.40	0.10000	0.58226	1.7174	2513.1	2684.9	7.3853	1.5411	2.0589	475.38	62.515	12.403	0.024930	vapor
104.60	0.10000	0.58193	1.7184	2513.4	2685.3	7.3864	1.5407	2.0582	475.52	62.341	12.411	0.024946	vapor
104.80	0.10000	0.58160	1.7194	2513.7	2685.7	7.3875	1.5402	2.0575	475.66	62.168	12.419	0.024963	vapor
105.00	0.10000	0.58127	1.7204	2514.1	2686.1	7.3886	1.5397	2.0568	475.80	61.996	12.427	0.024979	vapor
105.20	0.10000	0.58094	1.7214	2514.4	2686.5	7.3896	1.5392	2.0561	475.94	61.825	12.434	0.024996	vapor
105.40	0.10000	0.58061	1.7223	2514.7	2686.9	7.3907	1.5388	2.0554	476.08	61.655	12.442	0.025013	vapor
105.60	0.10000	0.58028	1.7233	2515.0	2687.3	7.3918	1.5383	2.0547	476.22	61.485	12.450	0.025029	vapor
105.80	0.10000	0.57995	1.7243	2515.3	2687.7	7.3929	1.5379	2.0541	476.35	61.317	12.457	0.025046	vapor
106.00	0.10000	0.57962	1.7253	2515.6	2688.2	7.3940	1.5374	2.0534	476.49	61.150	12.465	0.025063	vapor
106.20	0.10000	0.57930	1.7262	2515.9	2688.6	7.3951	1.5370	2.0528	476.63	60.983	12.473	0.025079	vapor
106.40	0.10000	0.57897	1.7272	2516.3	2689.0	7.3961	1.5365	2.0521	476.77	60.818	12.481	0.025096	vapor
106.60	0.10000	0.57864	1.7282	2516.6	2689.4	7.3972	1.5361	2.0515	476.90	60.653	12.488	0.025113	vapor
106.80	0.10000	0.57832	1.7292	2516.9	2689.8	7.3983	1.5357	2.0508	477.04	60.489	12.496	0.025129	vapor
107.00	0.10000	0.57799	1.7301	2517.2	2690.2	7.3994	1.5353	2.0502	477.18	60.327	12.504	0.025146	vapor
107.20	0.10000	0.57766	1.7311	2517.5	2690.6	7.4005	1.5348	2.0496	477.32	60.164	12.512	0.025163	vapor
107.40	0.10000	0.57734	1.7321	2517.8	2691.0	7.4015	1.5344	2.0490	477.45	60.003	12.519	0.025180	vapor
107.60	0.10000	0.57701	1.7331	2518.1	2691.4	7.4026	1.5340	2.0484	477.59	59.843	12.527	0.025196	vapor
107.80	0.10000	0.57669	1.7340	2518.4	2691.8	7.4037	1.5336	2.0478	477.73	59.683	12.535	0.025213	vapor
108.00	0.10000	0.57637	1.7350	2518.8	2692.3	7.4048	1.5332	2.0472	477.86	59.524	12.543	0.025230	vapor
108.20	0.10000	0.57604	1.7360	2519.1	2692.7	7.4058	1.5328	2.0466	478.00	59.366	12.550	0.025246	vapor
108.40	0.10000	0.57572	1.7370	2519.4	2693.1	7.4069	1.5324	2.0460	478.14	59.209	12.558	0.025263	vapor
108.60	0.10000	0.57540	1.7379	2519.7	2693.5	7.4080	1.5320	2.0454	478.27	59.053	12.566	0.025280	vapor
108.80	0.10000	0.57507	1.7389	2520.0	2693.9	7.4091	1.5317	2.0448	478.41	58.897	12.574	0.025297	vapor
109.00	0.10000	0.57475	1.7399	2520.3	2694.3	7.4101	1.5313	2.0443	478.55	58.742	12.581	0.025313	vapor
109.20	0.10000	0.57443	1.7409	2520.6	2694.7	7.4112	1.5309	2.0437	478.68	58.588	12.589	0.025330	vapor
109.40	0.10000	0.57411	1.7418	2520.9	2695.1	7.4123	1.5305	2.0431	478.82	58.435	12.597	0.025347	vapor
109.60	0.10000	0.57379	1.7428	2521.2	2695.5	7.4133	1.5302	2.0426	478.95	58.282	12.605	0.025364	vapor
109.80	0.10000	0.57347	1.7438	2521.6	2695.9	7.4144	1.5298	2.0420	479.09	58.130	12.612	0.025380	vapor
110.00	0.10000	0.57315	1.7447	2521.9	2696.3	7.4155	1.5294	2.0415	479.23	57.979	12.620	0.025397	vapor
110.20	0.10000	0.57283	1.7457	2522.2	2696.8	7.4165	1.5291	2.0409	479.36	57.829	12.628	0.025414	vapor
110.40	0.10000	0.57251	1.7467	2522.5	2697.2	7.4176	1.5287	2.0404	479.50	57.679	12.636	0.025431	vapor
110.60	0.10000	0.57219	1.7477	2522.8	2697.6	7.4187	1.5284	2.0399	479.63	57.530	12.643	0.025447	vapor
110.80	0.10000	0.57188	1.7486	2523.1	2698.0	7.4197	1.5280	2.0393	479.77	57.381	12.651	0.025464	vapor
111.00	0.10000	0.57156	1.7496	2523.4	2698.4	7.4208	1.5277	2.0388	479.90	57.234	12.659	0.025481	vapor
111.20	0.10000	0.57124	1.7506	2523.7	2698.8	7.4218	1.5273	2.0383	480.04	57.087	12.667	0.025498	vapor
111.40	0.10000	0.57092	1.7515	2524.0	2699.2	7.4229	1.5270	2.0378	480.17	56.940	12.674	0.025514	vapor
111.60	0.10000	0.57061	1.7525	2524.4	2699.6	7.4240	1.5267	2.0373	480.31	56.794	12.682	0.025531	vapor
111.80	0.10000	0.57029	1.7535	2524.7	2700.0	7.4250	1.5263	2.0368	480.44	56.649	12.690	0.025548	vapor
112.00	0.10000	0.56998	1.7545	2525.0	2700.4	7.4261	1.5260	2.0363	480.57	56.505	12.698	0.025565	vapor
112.20	0.10000	0.56966	1.7554	2525.3	2700.8	7.4271	1.5257	2.0358	480.71	56.361	12.706	0.025582	vapor
112.40	0.10000	0.56935	1.7564	2525.6	2701.2	7.4282	1.5254	2.0353	480.84	56.218	12.713	0.025598	vapor
112.60	0.10000	0.56903	1.7574	2525.9	2701.6	7.4292	1.5250	2.0348	480.98	56.076	12.721	0.025615	vapor
112.80	0.10000	0.56872	1.7583	2526.2	2702.0	7.4303	1.5247	2.0343	481.11	55.934	12.729	0.025632	vapor
113.00	0.10000	0.56840	1.7593	2526.5	2702.5	7.4314	1.5244	2.0338	481.24	55.792	12.737	0.025649	vapor
113.20	0.10000	0.56809	1.7603	2526.8	2702.9	7.4324	1.5241	2.0333	481.38	55.652	12.744	0.025666	vapor
113.40	0.10000	0.56778	1.7613	2527.1	2703.3	7.4335	1.5238	2.0328	481.51	55.512	12.752	0.025683	vapor
113.60	0.10000	0.56747	1.7622	2527.5	2703.7	7.4345	1.5235	2.0324	481.65	55.372	12.760	0.025699	vapor
113.80	0.10000	0.56715	1.7632	2527.8	2704.1	7.4356	1.5232	2.0319	481.78	55.233	12.768	0.025716	vapor
114.00	0.10000	0.56684	1.7642	2528.1	2704.5	7.4366	1.5229	2.0314	481.91	55.095	12.775	0.025733	vapor
114.20	0.10000	0.56653	1.7651	2528.4	2704.9	7.4377	1.5226	2.0310	482.05	54.957	12.783	0.025750	vapor
114.40	0.10000	0.56622	1.7661	2528.7	2705.3	7.4387	1.5223	2.0305	482.18	54.820	12.791	0.025767	vapor
114.60	0.10000	0.56591	1.7671	2529.0	2705.7	7.4398	1.5220	2.0301	482.31	54.683	12.799	0.025784	vapor
114.80	0.10000	0.56560	1.7680	2529.3	2706.1	7.4408	1.5217	2.0296	482.45	54.547	12.807	0.025800	vapor
115.00	0.10000	0.56529	1.7690	2529.6	2706.5	7.4418	1.5214	2.0292	482.58	54.412	12.814	0.025817	vapor
115.20	0.10000	0.56498	1.7700	2529.9	2706.9	7.4429	1.5211	2.0287	482.71	54.277	12.822	0.025834	vapor
115.40	0.10000	0.56467	1.7709	2530.2	2707.3	7.4439	1.5209	2.0283	482.84	54.143	12.830	0.025851	vapor
115.60	0.10000	0.56436	1.7719	2530.5	2707.7	7.4450	1.5206	2.0279	482.98	54.009	12.838	0.025868	vapor
115.80	0.10000	0.56406	1.7729	2530.9	2708.1	7.4460	1.5203	2.0274	483.11	53.876	12.846	0.025885	vapor
116.00	0.10000	0.56375	1.7738	2531.2	2708.5	7.4471	1.5200	2.0270	483.24	53.743	12.853	0.025902	vapor
116.20	0.10000	0.56344	1.7748	2531.5	2709.0	7.4481	1.5198	2.0266	483.37	53.611	12.861	0.025919	vapor
116.40	0.10000	0.56313	1.7758	2531.8	2709.4	7.4491	1.5195	2.0261	483.51	53.479	12.869	0.025936	vapor
116.60	0.10000	0.56283	1.7767	2532.1	2709.8	7.4502	1.5192	2.0257	483.64	53.348	12.877	0.025952	vapor
116.80	0.10000	0.56252	1.7777	2532.4	2710.2	7.4512	1.5190	2.0253	483.77	53.218	12.885	0.025969	vapor
117.00	0.10000	0.56222	1.7787	2532.7	2710.6	7.4523	1.5187	2.0249	483.90	53.088	12.892	0.025986	vapor
117.20	0.10000	0.56191	1.7796	2533.0	2711.0	7.4533	1.5184	2.0245	484.04	52.958	12.900	0.026003	vapor
117.40	0.10000	0.56161	1.7806	2533.3	2711.4	7.4543	1.5182	2.0241	484.17	52.829	12.908	0.026020	vapor
117.60	0.10000	0.56130	1.7816	2533.6	2711.8	7.4554	1.5179	2.0237	484.30	52.701	12.916	0.026037	vapor
117.80	0.10000	0.56100	1.7825	2533.9	2712.2	7.4564	1.5177	2.0233	484.43	52.573	12.924	0.026054	vapor
118.00	0.10000	0.56069	1.7835	2534.2	2712.6	7.4574	1.5174	2.0229	484.56	52.445	12.931	0.026071	vapor
118.20	0.10000	0.56039	1.7845	2534.6	2713.0	7.4585	1.5172	2.0225	484.69	52.318	12.939	0.026088	vapor
118.40	0.10000	0.56009	1.7854	2534.9	2713.4	7.4595	1.5169	2.0221	484.82	52.191	12.947	0.026105	vapor
118.60	0.10000	0.55978	1.7864	2535.2	2713.8	7.4605	1.5167	2.0217	484.96	52.065	12.955	0.026122	vapor
118.80	0.10000	0.55948	1.7874	2535.5	2714.2	7.4616	1.5164	2.0213	485.09	51.940	12.963	0.026139	vapor
119.00	0.10000	0.55918	1.7883	2535.8	2714.6	7.4626	1.5162	2.0209	485.22	51.815	12.970	0.026156	vapor
119.20	0.10000	0.55888	1.7893	2536.1	2715.0	7.4636	1.5160	2.0205	485.35	51.690	12.978	0.026173	vapor
119.40	0.10000	0.55858	1.7903	2536.4	2715.4	7.4647	1.5157	2.0202	485.48	51.566	12.986	0.026190	vapor
119.60	0.10000	0.55827	1.7912	2536.7	2715.8	7.4657	1.5155	2.0198	485.61	51.442	12.994	0.026207	vapor
119.80	0.10000	0.55797	1.7922	2537.0	2716.2	7.4667	1.5152	2.0194	485.74	51.319	13.002	0.026224	vapor
120.00	0.10000	0.55767	1.7932	2537.3	2716.6	7.4678	1.5150	2.0190	485.87	51.196	13.009	0.026240	vapor
