Temperature (C)	Pressure (MPa)	Density (kg/m3)	Volume (m3/kg)	Internal Energy (kJ/kg)	Enthalpy (kJ/kg)	Entropy (J/g*K)	Cv (J/g*K)	Cp (J/g*K)	Sound Spd. (m/s)	Joule-Thomson (K/MPa)	Viscosity (uPa*s)	Therm. Cond. (W/m*K)	Phase
-40.000	0.10000	1.6536	0.60473	150.98	211.45	6.1853	0.65213	0.91435	290.93	4.2224	16.785	0.021064	vapor
-39.733	0.10000	1.6517	0.60542	151.15	211.69	6.1863	0.65214	0.91436	291.09	4.2139	16.801	0.021086	vapor
-39.467	0.10000	1.6498	0.60612	151.33	211.94	6.1874	0.65215	0.91437	291.26	4.2055	16.817	0.021108	vapor
-39.200	0.10000	1.6479	0.60681	151.50	212.18	6.1884	0.65216	0.91437	291.43	4.1970	16.833	0.021131	vapor
-38.933	0.10000	1.6461	0.60751	151.67	212.43	6.1894	0.65218	0.91438	291.59	4.1886	16.849	0.021153	vapor
-38.667	0.10000	1.6442	0.60821	151.85	212.67	6.1905	0.65219	0.91439	291.76	4.1802	16.866	0.021175	vapor
-38.400	0.10000	1.6423	0.60890	152.02	212.91	6.1915	0.65220	0.91439	291.93	4.1718	16.882	0.021198	vapor
-38.133	0.10000	1.6404	0.60960	152.20	213.16	6.1926	0.65222	0.91440	292.09	4.1634	16.898	0.021220	vapor
-37.867	0.10000	1.6386	0.61029	152.37	213.40	6.1936	0.65223	0.91441	292.26	4.1551	16.914	0.021242	vapor
-37.600	0.10000	1.6367	0.61099	152.55	213.65	6.1946	0.65224	0.91441	292.42	4.1468	16.930	0.021265	vapor
-37.333	0.10000	1.6348	0.61169	152.72	213.89	6.1957	0.65226	0.91442	292.59	4.1385	16.946	0.021287	vapor
-37.067	0.10000	1.6330	0.61238	152.89	214.13	6.1967	0.65227	0.91443	292.75	4.1303	16.962	0.021309	vapor
-36.800	0.10000	1.6311	0.61308	153.07	214.38	6.1977	0.65229	0.91444	292.92	4.1220	16.979	0.021331	vapor
-36.533	0.10000	1.6293	0.61377	153.24	214.62	6.1988	0.65230	0.91444	293.09	4.1138	16.995	0.021354	vapor
-36.267	0.10000	1.6274	0.61447	153.42	214.86	6.1998	0.65231	0.91445	293.25	4.1056	17.011	0.021376	vapor
-36.000	0.10000	1.6256	0.61517	153.59	215.11	6.2008	0.65233	0.91446	293.42	4.0975	17.027	0.021398	vapor
-35.733	0.10000	1.6237	0.61586	153.77	215.35	6.2019	0.65234	0.91447	293.58	4.0893	17.043	0.021420	vapor
-35.467	0.10000	1.6219	0.61656	153.94	215.60	6.2029	0.65236	0.91448	293.75	4.0812	17.059	0.021443	vapor
-35.200	0.10000	1.6201	0.61725	154.11	215.84	6.2039	0.65237	0.91448	293.91	4.0731	17.075	0.021465	vapor
-34.933	0.10000	1.6183	0.61795	154.29	216.08	6.2049	0.65239	0.91449	294.08	4.0650	17.091	0.021487	vapor
-34.667	0.10000	1.6164	0.61865	154.46	216.33	6.2060	0.65240	0.91450	294.24	4.0570	17.107	0.021509	vapor
-34.400	0.10000	1.6146	0.61934	154.64	216.57	6.2070	0.65241	0.91451	294.40	4.0490	17.123	0.021532	vapor
-34.133	0.10000	1.6128	0.62004	154.81	216.82	6.2080	0.65243	0.91452	294.57	4.0409	17.139	0.021554	vapor
-33.867	0.10000	1.6110	0.62073	154.99	217.06	6.2090	0.65244	0.91453	294.73	4.0330	17.155	0.021576	vapor
-33.600	0.10000	1.6092	0.62143	155.16	217.30	6.2100	0.65246	0.91454	294.90	4.0250	17.171	0.021598	vapor
-33.333	0.10000	1.6074	0.62213	155.33	217.55	6.2111	0.65247	0.91454	295.06	4.0171	17.188	0.021620	vapor
-33.067	0.10000	1.6056	0.62282	155.51	217.79	6.2121	0.65249	0.91455	295.23	4.0091	17.204	0.021643	vapor
-32.800	0.10000	1.6038	0.62352	155.68	218.03	6.2131	0.65251	0.91456	295.39	4.0012	17.220	0.021665	vapor
-32.533	0.10000	1.6020	0.62421	155.86	218.28	6.2141	0.65252	0.91457	295.55	3.9934	17.236	0.021687	vapor
-32.267	0.10000	1.6002	0.62491	156.03	218.52	6.2151	0.65254	0.91458	295.72	3.9855	17.252	0.021709	vapor
-32.000	0.10000	1.5985	0.62560	156.21	218.77	6.2161	0.65255	0.91459	295.88	3.9777	17.268	0.021731	vapor
-31.733	0.10000	1.5967	0.62630	156.38	219.01	6.2171	0.65257	0.91460	296.04	3.9699	17.284	0.021753	vapor
-31.467	0.10000	1.5949	0.62700	156.55	219.25	6.2181	0.65258	0.91461	296.21	3.9621	17.300	0.021776	vapor
-31.200	0.10000	1.5931	0.62769	156.73	219.50	6.2192	0.65260	0.91462	296.37	3.9543	17.316	0.021798	vapor
-30.933	0.10000	1.5914	0.62839	156.90	219.74	6.2202	0.65262	0.91463	296.53	3.9466	17.332	0.021820	vapor
-30.667	0.10000	1.5896	0.62908	157.08	219.99	6.2212	0.65263	0.91464	296.70	3.9389	17.348	0.021842	vapor
-30.400	0.10000	1.5879	0.62978	157.25	220.23	6.2222	0.65265	0.91465	296.86	3.9311	17.363	0.021864	vapor
-30.133	0.10000	1.5861	0.63048	157.43	220.47	6.2232	0.65266	0.91466	297.02	3.9235	17.379	0.021886	vapor
-29.867	0.10000	1.5844	0.63117	157.60	220.72	6.2242	0.65268	0.91467	297.19	3.9158	17.395	0.021908	vapor
-29.600	0.10000	1.5826	0.63187	157.77	220.96	6.2252	0.65270	0.91469	297.35	3.9082	17.411	0.021930	vapor
-29.333	0.10000	1.5809	0.63256	157.95	221.21	6.2262	0.65271	0.91470	297.51	3.9005	17.427	0.021953	vapor
-29.067	0.10000	1.5791	0.63326	158.12	221.45	6.2272	0.65273	0.91471	297.67	3.8929	17.443	0.021975	vapor
-28.800	0.10000	1.5774	0.63395	158.30	221.69	6.2282	0.65275	0.91472	297.84	3.8854	17.459	0.021997	vapor
-28.533	0.10000	1.5757	0.63465	158.47	221.94	6.2292	0.65276	0.91473	298.00	3.8778	17.475	0.022019	vapor
-28.267	0.10000	1.5739	0.63535	158.65	222.18	6.2302	0.65278	0.91474	298.16	3.8703	17.491	0.022041	vapor
-28.000	0.10000	1.5722	0.63604	158.82	222.43	6.2312	0.65280	0.91475	298.32	3.8628	17.507	0.022063	vapor
-27.733	0.10000	1.5705	0.63674	159.00	222.67	6.2322	0.65282	0.91477	298.48	3.8553	17.523	0.022085	vapor
-27.467	0.10000	1.5688	0.63743	159.17	222.91	6.2332	0.65283	0.91478	298.65	3.8478	17.539	0.022107	vapor
-27.200	0.10000	1.5671	0.63813	159.34	223.16	6.2342	0.65285	0.91479	298.81	3.8403	17.555	0.022129	vapor
-26.933	0.10000	1.5654	0.63882	159.52	223.40	6.2351	0.65287	0.91480	298.97	3.8329	17.570	0.022151	vapor
-26.667	0.10000	1.5637	0.63952	159.69	223.64	6.2361	0.65289	0.91481	299.13	3.8255	17.586	0.022173	vapor
-26.400	0.10000	1.5620	0.64022	159.87	223.89	6.2371	0.65290	0.91483	299.29	3.8181	17.602	0.022195	vapor
-26.133	0.10000	1.5603	0.64091	160.04	224.13	6.2381	0.65292	0.91484	299.45	3.8107	17.618	0.022217	vapor
-25.867	0.10000	1.5586	0.64161	160.22	224.38	6.2391	0.65294	0.91485	299.61	3.8034	17.634	0.022239	vapor
-25.600	0.10000	1.5569	0.64230	160.39	224.62	6.2401	0.65296	0.91486	299.78	3.7960	17.650	0.022261	vapor
-25.333	0.10000	1.5552	0.64300	160.56	224.86	6.2411	0.65298	0.91488	299.94	3.7887	17.666	0.022283	vapor
-25.067	0.10000	1.5535	0.64369	160.74	225.11	6.2421	0.65300	0.91489	300.10	3.7814	17.681	0.022305	vapor
-24.800	0.10000	1.5519	0.64439	160.91	225.35	6.2430	0.65301	0.91490	300.26	3.7741	17.697	0.022327	vapor
-24.533	0.10000	1.5502	0.64509	161.09	225.60	6.2440	0.65303	0.91492	300.42	3.7669	17.713	0.022349	vapor
-24.267	0.10000	1.5485	0.64578	161.26	225.84	6.2450	0.65305	0.91493	300.58	3.7596	17.729	0.022371	vapor
-24.000	0.10000	1.5468	0.64648	161.44	226.08	6.2460	0.65307	0.91494	300.74	3.7524	17.745	0.022393	vapor
-23.733	0.10000	1.5452	0.64717	161.61	226.33	6.2470	0.65309	0.91496	300.90	3.7452	17.761	0.022415	vapor
-23.467	0.10000	1.5435	0.64787	161.79	226.57	6.2479	0.65311	0.91497	301.06	3.7380	17.776	0.022437	vapor
-23.200	0.10000	1.5419	0.64856	161.96	226.82	6.2489	0.65313	0.91498	301.22	3.7308	17.792	0.022459	vapor
-22.933	0.10000	1.5402	0.64926	162.13	227.06	6.2499	0.65315	0.91500	301.38	3.7237	17.808	0.022481	vapor
-22.667	0.10000	1.5386	0.64995	162.31	227.30	6.2509	0.65317	0.91501	301.54	3.7166	17.824	0.022503	vapor
-22.400	0.10000	1.5369	0.65065	162.48	227.55	6.2518	0.65319	0.91503	301.70	3.7095	17.840	0.022525	vapor
-22.133	0.10000	1.5353	0.65135	162.66	227.79	6.2528	0.65320	0.91504	301.86	3.7024	17.855	0.022547	vapor
-21.867	0.10000	1.5336	0.65204	162.83	228.04	6.2538	0.65322	0.91506	302.02	3.6953	17.871	0.022569	vapor
-21.600	0.10000	1.5320	0.65274	163.01	228.28	6.2548	0.65324	0.91507	302.18	3.6883	17.887	0.022591	vapor
-21.333	0.10000	1.5304	0.65343	163.18	228.52	6.2557	0.65326	0.91509	302.34	3.6812	17.903	0.022613	vapor
-21.067	0.10000	1.5288	0.65413	163.36	228.77	6.2567	0.65328	0.91510	302.50	3.6742	17.918	0.022635	vapor
-20.800	0.10000	1.5271	0.65482	163.53	229.01	6.2577	0.65330	0.91512	302.66	3.6672	17.934	0.022657	vapor
-20.533	0.10000	1.5255	0.65552	163.70	229.26	6.2586	0.65332	0.91513	302.82	3.6602	17.950	0.022679	vapor
-20.267	0.10000	1.5239	0.65621	163.88	229.50	6.2596	0.65334	0.91515	302.98	3.6533	17.965	0.022701	vapor
-20.000	0.10000	1.5223	0.65691	164.05	229.74	6.2606	0.65337	0.91516	303.14	3.6463	17.981	0.022723	vapor
-19.733	0.10000	1.5207	0.65761	164.23	229.99	6.2615	0.65339	0.91518	303.30	3.6394	17.997	0.022744	vapor
-19.467	0.10000	1.5191	0.65830	164.40	230.23	6.2625	0.65341	0.91519	303.46	3.6325	18.013	0.022766	vapor
-19.200	0.10000	1.5175	0.65900	164.58	230.48	6.2634	0.65343	0.91521	303.61	3.6256	18.028	0.022788	vapor
-18.933	0.10000	1.5159	0.65969	164.75	230.72	6.2644	0.65345	0.91522	303.77	3.6187	18.044	0.022810	vapor
-18.667	0.10000	1.5143	0.66039	164.93	230.96	6.2654	0.65347	0.91524	303.93	3.6119	18.060	0.022832	vapor
-18.400	0.10000	1.5127	0.66108	165.10	231.21	6.2663	0.65349	0.91526	304.09	3.6050	18.075	0.022854	vapor
-18.133	0.10000	1.5111	0.66178	165.28	231.45	6.2673	0.65351	0.91527	304.25	3.5982	18.091	0.022876	vapor
-17.867	0.10000	1.5095	0.66247	165.45	231.70	6.2682	0.65353	0.91529	304.41	3.5914	18.107	0.022898	vapor
-17.600	0.10000	1.5079	0.66317	165.62	231.94	6.2692	0.65355	0.91531	304.57	3.5846	18.122	0.022919	vapor
-17.333	0.10000	1.5063	0.66386	165.80	232.19	6.2701	0.65358	0.91532	304.72	3.5779	18.138	0.022941	vapor
-17.067	0.10000	1.5048	0.66456	165.97	232.43	6.2711	0.65360	0.91534	304.88	3.5711	18.154	0.022963	vapor
-16.800	0.10000	1.5032	0.66526	166.15	232.67	6.2721	0.65362	0.91536	305.04	3.5644	18.169	0.022985	vapor
-16.533	0.10000	1.5016	0.66595	166.32	232.92	6.2730	0.65364	0.91537	305.20	3.5577	18.185	0.023007	vapor
-16.267	0.10000	1.5000	0.66665	166.50	233.16	6.2740	0.65366	0.91539	305.36	3.5510	18.201	0.023029	vapor
-16.000	0.10000	1.4985	0.66734	166.67	233.41	6.2749	0.65369	0.91541	305.51	3.5443	18.216	0.023050	vapor
-15.733	0.10000	1.4969	0.66804	166.85	233.65	6.2759	0.65371	0.91543	305.67	3.5376	18.232	0.023072	vapor
-15.467	0.10000	1.4954	0.66873	167.02	233.89	6.2768	0.65373	0.91544	305.83	3.5310	18.248	0.023094	vapor
-15.200	0.10000	1.4938	0.66943	167.20	234.14	6.2777	0.65375	0.91546	305.99	3.5243	18.263	0.023116	vapor
-14.933	0.10000	1.4923	0.67012	167.37	234.38	6.2787	0.65377	0.91548	306.14	3.5177	18.279	0.023138	vapor
-14.667	0.10000	1.4907	0.67082	167.54	234.63	6.2796	0.65380	0.91550	306.30	3.5111	18.294	0.023159	vapor
-14.400	0.10000	1.4892	0.67151	167.72	234.87	6.2806	0.65382	0.91552	306.46	3.5045	18.310	0.023181	vapor
-14.133	0.10000	1.4876	0.67221	167.89	235.11	6.2815	0.65384	0.91553	306.62	3.4980	18.326	0.023203	vapor
-13.867	0.10000	1.4861	0.67290	168.07	235.36	6.2825	0.65387	0.91555	306.77	3.4914	18.341	0.023225	vapor
-13.600	0.10000	1.4846	0.67360	168.24	235.60	6.2834	0.65389	0.91557	306.93	3.4849	18.357	0.023246	vapor
-13.333	0.10000	1.4830	0.67430	168.42	235.85	6.2843	0.65391	0.91559	307.09	3.4784	18.372	0.023268	vapor
-13.067	0.10000	1.4815	0.67499	168.59	236.09	6.2853	0.65394	0.91561	307.24	3.4719	18.388	0.023290	vapor
-12.800	0.10000	1.4800	0.67569	168.77	236.34	6.2862	0.65396	0.91563	307.40	3.4654	18.403	0.023312	vapor
-12.533	0.10000	1.4785	0.67638	168.94	236.58	6.2872	0.65398	0.91565	307.56	3.4589	18.419	0.023333	vapor
-12.267	0.10000	1.4769	0.67708	169.12	236.82	6.2881	0.65401	0.91566	307.71	3.4525	18.434	0.023355	vapor
-12.000	0.10000	1.4754	0.67777	169.29	237.07	6.2890	0.65403	0.91568	307.87	3.4461	18.450	0.023377	vapor
-11.733	0.10000	1.4739	0.67847	169.47	237.31	6.2900	0.65405	0.91570	308.02	3.4396	18.465	0.023399	vapor
-11.467	0.10000	1.4724	0.67916	169.64	237.56	6.2909	0.65408	0.91572	308.18	3.4332	18.481	0.023420	vapor
-11.200	0.10000	1.4709	0.67986	169.81	237.80	6.2918	0.65410	0.91574	308.34	3.4268	18.497	0.023442	vapor
-10.933	0.10000	1.4694	0.68055	169.99	238.04	6.2928	0.65413	0.91576	308.49	3.4205	18.512	0.023464	vapor
-10.667	0.10000	1.4679	0.68125	170.16	238.29	6.2937	0.65415	0.91578	308.65	3.4141	18.528	0.023485	vapor
-10.400	0.10000	1.4664	0.68194	170.34	238.53	6.2946	0.65417	0.91580	308.80	3.4078	18.543	0.023507	vapor
-10.133	0.10000	1.4649	0.68264	170.51	238.78	6.2956	0.65420	0.91582	308.96	3.4015	18.559	0.023529	vapor
-9.8667	0.10000	1.4634	0.68333	170.69	239.02	6.2965	0.65422	0.91584	309.12	3.3951	18.574	0.023551	vapor
-9.6000	0.10000	1.4619	0.68403	170.86	239.27	6.2974	0.65425	0.91586	309.27	3.3889	18.590	0.023572	vapor
-9.3333	0.10000	1.4604	0.68472	171.04	239.51	6.2983	0.65427	0.91588	309.43	3.3826	18.605	0.023594	vapor
-9.0667	0.10000	1.4590	0.68542	171.21	239.75	6.2993	0.65430	0.91590	309.58	3.3763	18.620	0.023616	vapor
-8.8000	0.10000	1.4575	0.68611	171.39	240.00	6.3002	0.65432	0.91593	309.74	3.3701	18.636	0.023637	vapor
-8.5333	0.10000	1.4560	0.68681	171.56	240.24	6.3011	0.65435	0.91595	309.89	3.3638	18.651	0.023659	vapor
-8.2667	0.10000	1.4545	0.68751	171.74	240.49	6.3020	0.65437	0.91597	310.05	3.3576	18.667	0.023681	vapor
-8.0000	0.10000	1.4531	0.68820	171.91	240.73	6.3030	0.65440	0.91599	310.20	3.3514	18.682	0.023702	vapor
-7.7333	0.10000	1.4516	0.68890	172.09	240.98	6.3039	0.65443	0.91601	310.36	3.3452	18.698	0.023724	vapor
-7.4667	0.10000	1.4501	0.68959	172.26	241.22	6.3048	0.65445	0.91603	310.51	3.3391	18.713	0.023745	vapor
-7.2000	0.10000	1.4487	0.69029	172.44	241.46	6.3057	0.65448	0.91605	310.67	3.3329	18.729	0.023767	vapor
-6.9333	0.10000	1.4472	0.69098	172.61	241.71	6.3066	0.65450	0.91607	310.82	3.3268	18.744	0.023789	vapor
-6.6667	0.10000	1.4458	0.69168	172.79	241.95	6.3076	0.65453	0.91610	310.98	3.3206	18.759	0.023810	vapor
-6.4000	0.10000	1.4443	0.69237	172.96	242.20	6.3085	0.65456	0.91612	311.13	3.3145	18.775	0.023832	vapor
-6.1333	0.10000	1.4429	0.69307	173.13	242.44	6.3094	0.65458	0.91614	311.29	3.3084	18.790	0.023854	vapor
-5.8667	0.10000	1.4414	0.69376	173.31	242.69	6.3103	0.65461	0.91616	311.44	3.3023	18.806	0.023875	vapor
-5.6000	0.10000	1.4400	0.69446	173.48	242.93	6.3112	0.65463	0.91619	311.59	3.2963	18.821	0.023897	vapor
-5.3333	0.10000	1.4385	0.69515	173.66	243.17	6.3121	0.65466	0.91621	311.75	3.2902	18.836	0.023918	vapor
-5.0667	0.10000	1.4371	0.69585	173.83	243.42	6.3130	0.65469	0.91623	311.90	3.2842	18.852	0.023940	vapor
-4.8000	0.10000	1.4357	0.69654	174.01	243.66	6.3139	0.65471	0.91625	312.06	3.2782	18.867	0.023962	vapor
-4.5333	0.10000	1.4342	0.69724	174.18	243.91	6.3149	0.65474	0.91628	312.21	3.2722	18.883	0.023983	vapor
-4.2667	0.10000	1.4328	0.69793	174.36	244.15	6.3158	0.65477	0.91630	312.36	3.2662	18.898	0.024005	vapor
-4.0000	0.10000	1.4314	0.69863	174.53	244.40	6.3167	0.65480	0.91632	312.52	3.2602	18.913	0.024026	vapor
-3.7333	0.10000	1.4300	0.69932	174.71	244.64	6.3176	0.65482	0.91635	312.67	3.2542	18.929	0.024048	vapor
-3.4667	0.10000	1.4285	0.70002	174.88	244.88	6.3185	0.65485	0.91637	312.82	3.2483	18.944	0.024069	vapor
-3.2000	0.10000	1.4271	0.70071	175.06	245.13	6.3194	0.65488	0.91639	312.98	3.2423	18.959	0.024091	vapor
-2.9333	0.10000	1.4257	0.70141	175.23	245.37	6.3203	0.65491	0.91642	313.13	3.2364	18.975	0.024112	vapor
-2.6667	0.10000	1.4243	0.70210	175.41	245.62	6.3212	0.65493	0.91644	313.28	3.2305	18.990	0.024134	vapor
-2.4000	0.10000	1.4229	0.70280	175.58	245.86	6.3221	0.65496	0.91646	313.44	3.2246	19.005	0.024156	vapor
-2.1333	0.10000	1.4215	0.70349	175.76	246.11	6.3230	0.65499	0.91649	313.59	3.2187	19.021	0.024177	vapor
-1.8667	0.10000	1.4201	0.70419	175.93	246.35	6.3239	0.65502	0.91651	313.74	3.2128	19.036	0.024199	vapor
-1.6000	0.10000	1.4187	0.70488	176.11	246.60	6.3248	0.65505	0.91654	313.90	3.2070	19.051	0.024220	vapor
-1.3333	0.10000	1.4173	0.70558	176.28	246.84	6.3257	0.65507	0.91656	314.05	3.2011	19.067	0.024242	vapor
-1.0667	0.10000	1.4159	0.70627	176.46	247.08	6.3266	0.65510	0.91659	314.20	3.1953	19.082	0.024263	vapor
-0.80000	0.10000	1.4145	0.70697	176.63	247.33	6.3275	0.65513	0.91661	314.35	3.1895	19.097	0.024285	vapor
-0.53333	0.10000	1.4131	0.70766	176.81	247.57	6.3284	0.65516	0.91664	314.51	3.1837	19.112	0.024306	vapor
-0.26667	0.10000	1.4117	0.70836	176.98	247.82	6.3293	0.65519	0.91666	314.66	3.1779	19.128	0.024328	vapor
1.7053e-13	0.10000	1.4103	0.70905	177.16	248.06	6.3302	0.65522	0.91669	314.81	3.1721	19.143	0.024349	vapor
0.26667	0.10000	1.4089	0.70975	177.33	248.31	6.3311	0.65525	0.91671	314.96	3.1664	19.158	0.024371	vapor
0.53333	0.10000	1.4076	0.71045	177.51	248.55	6.3320	0.65528	0.91674	315.12	3.1606	19.174	0.024392	vapor
0.80000	0.10000	1.4062	0.71114	177.68	248.80	6.3329	0.65530	0.91676	315.27	3.1549	19.189	0.024414	vapor
1.0667	0.10000	1.4048	0.71184	177.86	249.04	6.3338	0.65533	0.91679	315.42	3.1492	19.204	0.024435	vapor
1.3333	0.10000	1.4034	0.71253	178.03	249.28	6.3347	0.65536	0.91681	315.57	3.1435	19.219	0.024456	vapor
1.6000	0.10000	1.4021	0.71323	178.21	249.53	6.3355	0.65539	0.91684	315.72	3.1378	19.235	0.024478	vapor
1.8667	0.10000	1.4007	0.71392	178.38	249.77	6.3364	0.65542	0.91686	315.87	3.1321	19.250	0.024499	vapor
2.1333	0.10000	1.3994	0.71462	178.56	250.02	6.3373	0.65545	0.91689	316.03	3.1265	19.265	0.024521	vapor
2.4000	0.10000	1.3980	0.71531	178.73	250.26	6.3382	0.65548	0.91692	316.18	3.1208	19.280	0.024542	vapor
2.6667	0.10000	1.3966	0.71601	178.91	250.51	6.3391	0.65551	0.91694	316.33	3.1152	19.295	0.024564	vapor
2.9333	0.10000	1.3953	0.71670	179.08	250.75	6.3400	0.65554	0.91697	316.48	3.1095	19.311	0.024585	vapor
3.2000	0.10000	1.3939	0.71740	179.26	251.00	6.3409	0.65557	0.91700	316.63	3.1039	19.326	0.024606	vapor
3.4667	0.10000	1.3926	0.71809	179.43	251.24	6.3418	0.65560	0.91702	316.78	3.0983	19.341	0.024628	vapor
3.7333	0.10000	1.3912	0.71879	179.61	251.48	6.3426	0.65563	0.91705	316.93	3.0927	19.356	0.024649	vapor
4.0000	0.10000	1.3899	0.71948	179.78	251.73	6.3435	0.65566	0.91708	317.09	3.0872	19.371	0.024671	vapor
4.2667	0.10000	1.3886	0.72018	179.96	251.97	6.3444	0.65570	0.91710	317.24	3.0816	19.387	0.024692	vapor
4.5333	0.10000	1.3872	0.72087	180.13	252.22	6.3453	0.65573	0.91713	317.39	3.0761	19.402	0.024714	vapor
4.8000	0.10000	1.3859	0.72157	180.31	252.46	6.3462	0.65576	0.91716	317.54	3.0705	19.417	0.024735	vapor
5.0667	0.10000	1.3845	0.72226	180.48	252.71	6.3470	0.65579	0.91719	317.69	3.0650	19.432	0.024756	vapor
5.3333	0.10000	1.3832	0.72296	180.66	252.95	6.3479	0.65582	0.91721	317.84	3.0595	19.447	0.024778	vapor
5.6000	0.10000	1.3819	0.72365	180.83	253.20	6.3488	0.65585	0.91724	317.99	3.0540	19.462	0.024799	vapor
5.8667	0.10000	1.3806	0.72435	181.01	253.44	6.3497	0.65588	0.91727	318.14	3.0485	19.478	0.024820	vapor
6.1333	0.10000	1.3792	0.72504	181.18	253.69	6.3506	0.65591	0.91730	318.29	3.0430	19.493	0.024842	vapor
6.4000	0.10000	1.3779	0.72574	181.36	253.93	6.3514	0.65595	0.91733	318.44	3.0376	19.508	0.024863	vapor
6.6667	0.10000	1.3766	0.72643	181.53	254.18	6.3523	0.65598	0.91735	318.59	3.0321	19.523	0.024884	vapor
6.9333	0.10000	1.3753	0.72712	181.71	254.42	6.3532	0.65601	0.91738	318.74	3.0267	19.538	0.024906	vapor
7.2000	0.10000	1.3740	0.72782	181.88	254.66	6.3541	0.65604	0.91741	318.89	3.0213	19.553	0.024927	vapor
7.4667	0.10000	1.3727	0.72851	182.06	254.91	6.3549	0.65607	0.91744	319.04	3.0159	19.568	0.024948	vapor
7.7333	0.10000	1.3713	0.72921	182.23	255.15	6.3558	0.65611	0.91747	319.19	3.0105	19.583	0.024970	vapor
8.0000	0.10000	1.3700	0.72990	182.41	255.40	6.3567	0.65614	0.91750	319.34	3.0051	19.599	0.024991	vapor
8.2667	0.10000	1.3687	0.73060	182.58	255.64	6.3575	0.65617	0.91753	319.49	2.9997	19.614	0.025012	vapor
8.5333	0.10000	1.3674	0.73129	182.76	255.89	6.3584	0.65620	0.91756	319.64	2.9943	19.629	0.025034	vapor
8.8000	0.10000	1.3661	0.73199	182.93	256.13	6.3593	0.65624	0.91759	319.79	2.9890	19.644	0.025055	vapor
9.0667	0.10000	1.3648	0.73268	183.11	256.38	6.3601	0.65627	0.91761	319.94	2.9837	19.659	0.025076	vapor
9.3333	0.10000	1.3636	0.73338	183.28	256.62	6.3610	0.65630	0.91764	320.09	2.9783	19.674	0.025098	vapor
9.6000	0.10000	1.3623	0.73407	183.46	256.87	6.3619	0.65634	0.91767	320.24	2.9730	19.689	0.025119	vapor
9.8667	0.10000	1.3610	0.73477	183.63	257.11	6.3627	0.65637	0.91770	320.39	2.9677	19.704	0.025140	vapor
10.133	0.10000	1.3597	0.73546	183.81	257.36	6.3636	0.65640	0.91773	320.54	2.9624	19.719	0.025162	vapor
10.400	0.10000	1.3584	0.73616	183.99	257.60	6.3645	0.65644	0.91776	320.69	2.9571	19.734	0.025183	vapor
10.667	0.10000	1.3571	0.73685	184.16	257.85	6.3653	0.65647	0.91779	320.83	2.9519	19.749	0.025204	vapor
10.933	0.10000	1.3558	0.73755	184.34	258.09	6.3662	0.65650	0.91782	320.98	2.9466	19.764	0.025225	vapor
11.200	0.10000	1.3546	0.73824	184.51	258.34	6.3671	0.65654	0.91785	321.13	2.9414	19.779	0.025247	vapor
11.467	0.10000	1.3533	0.73894	184.69	258.58	6.3679	0.65657	0.91789	321.28	2.9362	19.794	0.025268	vapor
11.733	0.10000	1.3520	0.73963	184.86	258.82	6.3688	0.65660	0.91792	321.43	2.9309	19.809	0.025289	vapor
12.000	0.10000	1.3508	0.74033	185.04	259.07	6.3696	0.65664	0.91795	321.58	2.9257	19.824	0.025310	vapor
12.267	0.10000	1.3495	0.74102	185.21	259.31	6.3705	0.65667	0.91798	321.73	2.9205	19.839	0.025332	vapor
12.533	0.10000	1.3482	0.74172	185.39	259.56	6.3713	0.65671	0.91801	321.87	2.9154	19.854	0.025353	vapor
12.800	0.10000	1.3470	0.74241	185.56	259.80	6.3722	0.65674	0.91804	322.02	2.9102	19.869	0.025374	vapor
13.067	0.10000	1.3457	0.74311	185.74	260.05	6.3731	0.65678	0.91807	322.17	2.9050	19.884	0.025395	vapor
13.333	0.10000	1.3444	0.74380	185.91	260.29	6.3739	0.65681	0.91810	322.32	2.8999	19.899	0.025417	vapor
13.600	0.10000	1.3432	0.74450	186.09	260.54	6.3748	0.65685	0.91814	322.47	2.8947	19.914	0.025438	vapor
13.867	0.10000	1.3419	0.74519	186.26	260.78	6.3756	0.65688	0.91817	322.62	2.8896	19.929	0.025459	vapor
14.133	0.10000	1.3407	0.74589	186.44	261.03	6.3765	0.65692	0.91820	322.76	2.8845	19.944	0.025480	vapor
14.400	0.10000	1.3394	0.74658	186.61	261.27	6.3773	0.65695	0.91823	322.91	2.8794	19.959	0.025501	vapor
14.667	0.10000	1.3382	0.74728	186.79	261.52	6.3782	0.65699	0.91826	323.06	2.8743	19.974	0.025523	vapor
14.933	0.10000	1.3370	0.74797	186.97	261.76	6.3790	0.65702	0.91830	323.21	2.8692	19.989	0.025544	vapor
15.200	0.10000	1.3357	0.74867	187.14	262.01	6.3799	0.65706	0.91833	323.35	2.8641	20.004	0.025565	vapor
15.467	0.10000	1.3345	0.74936	187.32	262.25	6.3807	0.65709	0.91836	323.50	2.8591	20.019	0.025586	vapor
15.733	0.10000	1.3332	0.75006	187.49	262.50	6.3816	0.65713	0.91839	323.65	2.8540	20.034	0.025607	vapor
16.000	0.10000	1.3320	0.75075	187.67	262.74	6.3824	0.65717	0.91843	323.80	2.8490	20.049	0.025628	vapor
16.267	0.10000	1.3308	0.75145	187.84	262.99	6.3833	0.65720	0.91846	323.94	2.8440	20.064	0.025650	vapor
16.533	0.10000	1.3295	0.75214	188.02	263.23	6.3841	0.65724	0.91849	324.09	2.8390	20.079	0.025671	vapor
16.800	0.10000	1.3283	0.75283	188.19	263.48	6.3850	0.65727	0.91852	324.24	2.8339	20.094	0.025692	vapor
17.067	0.10000	1.3271	0.75353	188.37	263.72	6.3858	0.65731	0.91856	324.38	2.8290	20.109	0.025713	vapor
17.333	0.10000	1.3259	0.75422	188.54	263.97	6.3866	0.65735	0.91859	324.53	2.8240	20.124	0.025734	vapor
17.600	0.10000	1.3246	0.75492	188.72	264.21	6.3875	0.65738	0.91862	324.68	2.8190	20.138	0.025755	vapor
17.867	0.10000	1.3234	0.75561	188.90	264.46	6.3883	0.65742	0.91866	324.83	2.8140	20.153	0.025776	vapor
18.133	0.10000	1.3222	0.75631	189.07	264.70	6.3892	0.65746	0.91869	324.97	2.8091	20.168	0.025798	vapor
18.400	0.10000	1.3210	0.75700	189.25	264.95	6.3900	0.65749	0.91873	325.12	2.8042	20.183	0.025819	vapor
18.667	0.10000	1.3198	0.75770	189.42	265.19	6.3909	0.65753	0.91876	325.26	2.7992	20.198	0.025840	vapor
18.933	0.10000	1.3186	0.75839	189.60	265.44	6.3917	0.65757	0.91879	325.41	2.7943	20.213	0.025861	vapor
19.200	0.10000	1.3174	0.75909	189.77	265.68	6.3925	0.65761	0.91883	325.56	2.7894	20.228	0.025882	vapor
19.467	0.10000	1.3162	0.75978	189.95	265.93	6.3934	0.65764	0.91886	325.70	2.7845	20.243	0.025903	vapor
19.733	0.10000	1.3150	0.76048	190.12	266.17	6.3942	0.65768	0.91890	325.85	2.7796	20.258	0.025924	vapor
20.000	0.10000	1.3138	0.76117	190.30	266.42	6.3950	0.65772	0.91893	326.00	2.7747	20.272	0.025945	vapor
20.267	0.10000	1.3126	0.76187	190.48	266.66	6.3959	0.65776	0.91897	326.14	2.7699	20.287	0.025966	vapor
20.533	0.10000	1.3114	0.76256	190.65	266.91	6.3967	0.65779	0.91900	326.29	2.7650	20.302	0.025987	vapor
20.800	0.10000	1.3102	0.76326	190.83	267.15	6.3975	0.65783	0.91904	326.43	2.7602	20.317	0.026009	vapor
21.067	0.10000	1.3090	0.76395	191.00	267.40	6.3984	0.65787	0.91907	326.58	2.7553	20.332	0.026030	vapor
21.333	0.10000	1.3078	0.76465	191.18	267.64	6.3992	0.65791	0.91911	326.73	2.7505	20.347	0.026051	vapor
21.600	0.10000	1.3066	0.76534	191.35	267.89	6.4000	0.65795	0.91914	326.87	2.7457	20.361	0.026072	vapor
21.867	0.10000	1.3054	0.76603	191.53	268.13	6.4009	0.65799	0.91918	327.02	2.7409	20.376	0.026093	vapor
22.133	0.10000	1.3042	0.76673	191.70	268.38	6.4017	0.65802	0.91921	327.16	2.7361	20.391	0.026114	vapor
22.400	0.10000	1.3031	0.76742	191.88	268.62	6.4025	0.65806	0.91925	327.31	2.7313	20.406	0.026135	vapor
22.667	0.10000	1.3019	0.76812	192.06	268.87	6.4034	0.65810	0.91929	327.45	2.7266	20.421	0.026156	vapor
22.933	0.10000	1.3007	0.76881	192.23	269.11	6.4042	0.65814	0.91932	327.60	2.7218	20.435	0.026177	vapor
23.200	0.10000	1.2995	0.76951	192.41	269.36	6.4050	0.65818	0.91936	327.74	2.7170	20.450	0.026198	vapor
23.467	0.10000	1.2984	0.77020	192.58	269.60	6.4059	0.65822	0.91939	327.89	2.7123	20.465	0.026219	vapor
23.733	0.10000	1.2972	0.77090	192.76	269.85	6.4067	0.65826	0.91943	328.03	2.7076	20.480	0.026240	vapor
24.000	0.10000	1.2960	0.77159	192.93	270.09	6.4075	0.65830	0.91947	328.18	2.7029	20.495	0.026261	vapor
24.267	0.10000	1.2949	0.77229	193.11	270.34	6.4083	0.65834	0.91950	328.32	2.6981	20.509	0.026282	vapor
24.533	0.10000	1.2937	0.77298	193.29	270.58	6.4092	0.65838	0.91954	328.47	2.6934	20.524	0.026303	vapor
24.800	0.10000	1.2925	0.77368	193.46	270.83	6.4100	0.65842	0.91958	328.61	2.6888	20.539	0.026324	vapor
25.067	0.10000	1.2914	0.77437	193.64	271.07	6.4108	0.65846	0.91962	328.76	2.6841	20.554	0.026345	vapor
25.333	0.10000	1.2902	0.77507	193.81	271.32	6.4116	0.65850	0.91965	328.90	2.6794	20.568	0.026366	vapor
25.600	0.10000	1.2891	0.77576	193.99	271.57	6.4124	0.65854	0.91969	329.05	2.6747	20.583	0.026387	vapor
25.867	0.10000	1.2879	0.77645	194.16	271.81	6.4133	0.65858	0.91973	329.19	2.6701	20.598	0.026408	vapor
26.133	0.10000	1.2868	0.77715	194.34	272.06	6.4141	0.65862	0.91977	329.34	2.6654	20.613	0.026429	vapor
26.400	0.10000	1.2856	0.77784	194.52	272.30	6.4149	0.65866	0.91980	329.48	2.6608	20.627	0.026450	vapor
26.667	0.10000	1.2845	0.77854	194.69	272.55	6.4157	0.65870	0.91984	329.62	2.6562	20.642	0.026471	vapor
26.933	0.10000	1.2833	0.77923	194.87	272.79	6.4165	0.65874	0.91988	329.77	2.6516	20.657	0.026492	vapor
27.200	0.10000	1.2822	0.77993	195.04	273.04	6.4174	0.65878	0.91992	329.91	2.6470	20.671	0.026513	vapor
27.467	0.10000	1.2810	0.78062	195.22	273.28	6.4182	0.65882	0.91995	330.06	2.6424	20.686	0.026534	vapor
27.733	0.10000	1.2799	0.78132	195.40	273.53	6.4190	0.65886	0.91999	330.20	2.6378	20.701	0.026555	vapor
28.000	0.10000	1.2788	0.78201	195.57	273.77	6.4198	0.65890	0.92003	330.34	2.6332	20.716	0.026576	vapor
28.267	0.10000	1.2776	0.78271	195.75	274.02	6.4206	0.65894	0.92007	330.49	2.6287	20.730	0.026597	vapor
28.533	0.10000	1.2765	0.78340	195.92	274.26	6.4214	0.65899	0.92011	330.63	2.6241	20.745	0.026618	vapor
28.800	0.10000	1.2754	0.78410	196.10	274.51	6.4222	0.65903	0.92015	330.77	2.6196	20.760	0.026639	vapor
29.067	0.10000	1.2742	0.78479	196.28	274.75	6.4231	0.65907	0.92019	330.92	2.6150	20.774	0.026659	vapor
29.333	0.10000	1.2731	0.78548	196.45	275.00	6.4239	0.65911	0.92023	331.06	2.6105	20.789	0.026680	vapor
29.600	0.10000	1.2720	0.78618	196.63	275.24	6.4247	0.65915	0.92026	331.20	2.6060	20.804	0.026701	vapor
29.867	0.10000	1.2709	0.78687	196.80	275.49	6.4255	0.65919	0.92030	331.35	2.6015	20.818	0.026722	vapor
30.133	0.10000	1.2697	0.78757	196.98	275.74	6.4263	0.65924	0.92034	331.49	2.5970	20.833	0.026743	vapor
30.400	0.10000	1.2686	0.78826	197.15	275.98	6.4271	0.65928	0.92038	331.63	2.5925	20.848	0.026764	vapor
30.667	0.10000	1.2675	0.78896	197.33	276.23	6.4279	0.65932	0.92042	331.78	2.5880	20.862	0.026785	vapor
30.933	0.10000	1.2664	0.78965	197.51	276.47	6.4287	0.65936	0.92046	331.92	2.5835	20.877	0.026806	vapor
31.200	0.10000	1.2653	0.79035	197.68	276.72	6.4295	0.65941	0.92050	332.06	2.5791	20.891	0.026827	vapor
31.467	0.10000	1.2642	0.79104	197.86	276.96	6.4303	0.65945	0.92054	332.21	2.5746	20.906	0.026847	vapor
31.733	0.10000	1.2630	0.79174	198.03	277.21	6.4311	0.65949	0.92058	332.35	2.5702	20.921	0.026868	vapor
32.000	0.10000	1.2619	0.79243	198.21	277.45	6.4319	0.65953	0.92062	332.49	2.5657	20.935	0.026889	vapor
32.267	0.10000	1.2608	0.79312	198.39	277.70	6.4327	0.65958	0.92066	332.63	2.5613	20.950	0.026910	vapor
32.533	0.10000	1.2597	0.79382	198.56	277.94	6.4336	0.65962	0.92070	332.78	2.5569	20.965	0.026931	vapor
32.800	0.10000	1.2586	0.79451	198.74	278.19	6.4344	0.65966	0.92074	332.92	2.5525	20.979	0.026952	vapor
33.067	0.10000	1.2575	0.79521	198.92	278.44	6.4352	0.65971	0.92079	333.06	2.5481	20.994	0.026973	vapor
33.333	0.10000	1.2564	0.79590	199.09	278.68	6.4360	0.65975	0.92083	333.20	2.5437	21.008	0.026993	vapor
33.600	0.10000	1.2553	0.79660	199.27	278.93	6.4368	0.65979	0.92087	333.35	2.5393	21.023	0.027014	vapor
33.867	0.10000	1.2542	0.79729	199.44	279.17	6.4376	0.65984	0.92091	333.49	2.5350	21.038	0.027035	vapor
34.133	0.10000	1.2532	0.79799	199.62	279.42	6.4384	0.65988	0.92095	333.63	2.5306	21.052	0.027056	vapor
34.400	0.10000	1.2521	0.79868	199.80	279.66	6.4392	0.65993	0.92099	333.77	2.5263	21.067	0.027077	vapor
34.667	0.10000	1.2510	0.79938	199.97	279.91	6.4400	0.65997	0.92103	333.91	2.5219	21.081	0.027098	vapor
34.933	0.10000	1.2499	0.80007	200.15	280.16	6.4408	0.66001	0.92107	334.05	2.5176	21.096	0.027118	vapor
35.200	0.10000	1.2488	0.80076	200.32	280.40	6.4416	0.66006	0.92112	334.20	2.5133	21.110	0.027139	vapor
35.467	0.10000	1.2477	0.80146	200.50	280.65	6.4423	0.66010	0.92116	334.34	2.5089	21.125	0.027160	vapor
35.733	0.10000	1.2466	0.80215	200.68	280.89	6.4431	0.66015	0.92120	334.48	2.5046	21.139	0.027181	vapor
36.000	0.10000	1.2456	0.80285	200.85	281.14	6.4439	0.66019	0.92124	334.62	2.5003	21.154	0.027202	vapor
36.267	0.10000	1.2445	0.80354	201.03	281.38	6.4447	0.66024	0.92128	334.76	2.4960	21.169	0.027222	vapor
36.533	0.10000	1.2434	0.80424	201.21	281.63	6.4455	0.66028	0.92133	334.90	2.4918	21.183	0.027243	vapor
36.800	0.10000	1.2423	0.80493	201.38	281.87	6.4463	0.66033	0.92137	335.05	2.4875	21.198	0.027264	vapor
37.067	0.10000	1.2413	0.80563	201.56	282.12	6.4471	0.66037	0.92141	335.19	2.4832	21.212	0.027285	vapor
37.333	0.10000	1.2402	0.80632	201.73	282.37	6.4479	0.66042	0.92145	335.33	2.4790	21.227	0.027306	vapor
37.600	0.10000	1.2391	0.80702	201.91	282.61	6.4487	0.66046	0.92150	335.47	2.4747	21.241	0.027326	vapor
37.867	0.10000	1.2381	0.80771	202.09	282.86	6.4495	0.66051	0.92154	335.61	2.4705	21.256	0.027347	vapor
38.133	0.10000	1.2370	0.80840	202.26	283.10	6.4503	0.66055	0.92158	335.75	2.4662	21.270	0.027368	vapor
38.400	0.10000	1.2359	0.80910	202.44	283.35	6.4511	0.66060	0.92163	335.89	2.4620	21.285	0.027389	vapor
38.667	0.10000	1.2349	0.80979	202.62	283.59	6.4519	0.66064	0.92167	336.03	2.4578	21.299	0.027409	vapor
38.933	0.10000	1.2338	0.81049	202.79	283.84	6.4526	0.66069	0.92171	336.17	2.4536	21.314	0.027430	vapor
39.200	0.10000	1.2328	0.81118	202.97	284.09	6.4534	0.66074	0.92176	336.31	2.4494	21.328	0.027451	vapor
39.467	0.10000	1.2317	0.81188	203.14	284.33	6.4542	0.66078	0.92180	336.45	2.4452	21.343	0.027472	vapor
39.733	0.10000	1.2307	0.81257	203.32	284.58	6.4550	0.66083	0.92184	336.60	2.4410	21.357	0.027492	vapor
40.000	0.10000	1.2296	0.81327	203.50	284.82	6.4558	0.66088	0.92189	336.74	2.4369	21.372	0.027513	vapor
40.267	0.10000	1.2286	0.81396	203.67	285.07	6.4566	0.66092	0.92193	336.88	2.4327	21.386	0.027534	vapor
40.533	0.10000	1.2275	0.81465	203.85	285.32	6.4574	0.66097	0.92198	337.02	2.4286	21.400	0.027554	vapor
40.800	0.10000	1.2265	0.81535	204.03	285.56	6.4581	0.66102	0.92202	337.16	2.4244	21.415	0.027575	vapor
41.067	0.10000	1.2254	0.81604	204.20	285.81	6.4589	0.66106	0.92207	337.30	2.4203	21.429	0.027596	vapor
41.333	0.10000	1.2244	0.81674	204.38	286.05	6.4597	0.66111	0.92211	337.44	2.4161	21.444	0.027617	vapor
41.600	0.10000	1.2233	0.81743	204.56	286.30	6.4605	0.66116	0.92215	337.58	2.4120	21.458	0.027637	vapor
41.867	0.10000	1.2223	0.81813	204.73	286.55	6.4613	0.66120	0.92220	337.72	2.4079	21.473	0.027658	vapor
42.133	0.10000	1.2213	0.81882	204.91	286.79	6.4620	0.66125	0.92224	337.86	2.4038	21.487	0.027679	vapor
42.400	0.10000	1.2202	0.81952	205.09	287.04	6.4628	0.66130	0.92229	338.00	2.3997	21.501	0.027699	vapor
42.667	0.10000	1.2192	0.82021	205.26	287.28	6.4636	0.66134	0.92233	338.14	2.3956	21.516	0.027720	vapor
42.933	0.10000	1.2182	0.82090	205.44	287.53	6.4644	0.66139	0.92238	338.28	2.3915	21.530	0.027741	vapor
43.200	0.10000	1.2171	0.82160	205.61	287.77	6.4652	0.66144	0.92243	338.41	2.3875	21.545	0.027761	vapor
43.467	0.10000	1.2161	0.82229	205.79	288.02	6.4659	0.66149	0.92247	338.55	2.3834	21.559	0.027782	vapor
43.733	0.10000	1.2151	0.82299	205.97	288.27	6.4667	0.66154	0.92252	338.69	2.3794	21.574	0.027803	vapor
44.000	0.10000	1.2141	0.82368	206.14	288.51	6.4675	0.66158	0.92256	338.83	2.3753	21.588	0.027823	vapor
44.267	0.10000	1.2130	0.82438	206.32	288.76	6.4683	0.66163	0.92261	338.97	2.3713	21.602	0.027844	vapor
44.533	0.10000	1.2120	0.82507	206.50	289.00	6.4690	0.66168	0.92265	339.11	2.3672	21.617	0.027865	vapor
44.800	0.10000	1.2110	0.82577	206.67	289.25	6.4698	0.66173	0.92270	339.25	2.3632	21.631	0.027885	vapor
45.067	0.10000	1.2100	0.82646	206.85	289.50	6.4706	0.66178	0.92275	339.39	2.3592	21.645	0.027906	vapor
45.333	0.10000	1.2090	0.82715	207.03	289.74	6.4714	0.66183	0.92279	339.53	2.3552	21.660	0.027926	vapor
45.600	0.10000	1.2080	0.82785	207.20	289.99	6.4721	0.66187	0.92284	339.67	2.3512	21.674	0.027947	vapor
45.867	0.10000	1.2069	0.82854	207.38	290.24	6.4729	0.66192	0.92289	339.81	2.3472	21.689	0.027968	vapor
46.133	0.10000	1.2059	0.82924	207.56	290.48	6.4737	0.66197	0.92293	339.95	2.3432	21.703	0.027988	vapor
46.400	0.10000	1.2049	0.82993	207.73	290.73	6.4744	0.66202	0.92298	340.08	2.3392	21.717	0.028009	vapor
46.667	0.10000	1.2039	0.83063	207.91	290.97	6.4752	0.66207	0.92303	340.22	2.3353	21.732	0.028029	vapor
46.933	0.10000	1.2029	0.83132	208.09	291.22	6.4760	0.66212	0.92307	340.36	2.3313	21.746	0.028050	vapor
47.200	0.10000	1.2019	0.83201	208.26	291.47	6.4768	0.66217	0.92312	340.50	2.3274	21.760	0.028071	vapor
47.467	0.10000	1.2009	0.83271	208.44	291.71	6.4775	0.66222	0.92317	340.64	2.3234	21.775	0.028091	vapor
47.733	0.10000	1.1999	0.83340	208.62	291.96	6.4783	0.66227	0.92321	340.78	2.3195	21.789	0.028112	vapor
48.000	0.10000	1.1989	0.83410	208.79	292.20	6.4791	0.66232	0.92326	340.91	2.3155	21.803	0.028132	vapor
48.267	0.10000	1.1979	0.83479	208.97	292.45	6.4798	0.66237	0.92331	341.05	2.3116	21.817	0.028153	vapor
48.533	0.10000	1.1969	0.83549	209.15	292.70	6.4806	0.66242	0.92336	341.19	2.3077	21.832	0.028174	vapor
48.800	0.10000	1.1959	0.83618	209.33	292.94	6.4814	0.66247	0.92340	341.33	2.3038	21.846	0.028194	vapor
49.067	0.10000	1.1949	0.83688	209.50	293.19	6.4821	0.66252	0.92345	341.47	2.2999	21.860	0.028215	vapor
49.333	0.10000	1.1939	0.83757	209.68	293.44	6.4829	0.66257	0.92350	341.61	2.2960	21.875	0.028235	vapor
49.600	0.10000	1.1929	0.83826	209.86	293.68	6.4836	0.66262	0.92355	341.74	2.2921	21.889	0.028256	vapor
49.867	0.10000	1.1920	0.83896	210.03	293.93	6.4844	0.66267	0.92360	341.88	2.2882	21.903	0.028276	vapor
50.133	0.10000	1.1910	0.83965	210.21	294.17	6.4852	0.66272	0.92365	342.02	2.2844	21.918	0.028297	vapor
50.400	0.10000	1.1900	0.84035	210.39	294.42	6.4859	0.66277	0.92369	342.16	2.2805	21.932	0.028317	vapor
50.667	0.10000	1.1890	0.84104	210.56	294.67	6.4867	0.66282	0.92374	342.29	2.2767	21.946	0.028338	vapor
50.933	0.10000	1.1880	0.84174	210.74	294.91	6.4875	0.66287	0.92379	342.43	2.2728	21.960	0.028358	vapor
51.200	0.10000	1.1870	0.84243	210.92	295.16	6.4882	0.66292	0.92384	342.57	2.2690	21.975	0.028379	vapor
51.467	0.10000	1.1861	0.84312	211.09	295.41	6.4890	0.66297	0.92389	342.71	2.2651	21.989	0.028400	vapor
51.733	0.10000	1.1851	0.84382	211.27	295.65	6.4897	0.66302	0.92394	342.84	2.2613	22.003	0.028420	vapor
52.000	0.10000	1.1841	0.84451	211.45	295.90	6.4905	0.66308	0.92399	342.98	2.2575	22.017	0.028441	vapor
52.267	0.10000	1.1831	0.84521	211.62	296.15	6.4912	0.66313	0.92404	343.12	2.2537	22.032	0.028461	vapor
52.533	0.10000	1.1822	0.84590	211.80	296.39	6.4920	0.66318	0.92409	343.25	2.2499	22.046	0.028482	vapor
52.800	0.10000	1.1812	0.84660	211.98	296.64	6.4928	0.66323	0.92414	343.39	2.2461	22.060	0.028502	vapor
53.067	0.10000	1.1802	0.84729	212.16	296.88	6.4935	0.66328	0.92419	343.53	2.2423	22.074	0.028523	vapor
53.333	0.10000	1.1793	0.84798	212.33	297.13	6.4943	0.66333	0.92424	343.67	2.2385	22.088	0.028543	vapor
53.600	0.10000	1.1783	0.84868	212.51	297.38	6.4950	0.66339	0.92429	343.80	2.2348	22.103	0.028564	vapor
53.867	0.10000	1.1773	0.84937	212.69	297.62	6.4958	0.66344	0.92434	343.94	2.2310	22.117	0.028584	vapor
54.133	0.10000	1.1764	0.85007	212.86	297.87	6.4965	0.66349	0.92439	344.08	2.2272	22.131	0.028604	vapor
54.400	0.10000	1.1754	0.85076	213.04	298.12	6.4973	0.66354	0.92444	344.21	2.2235	22.145	0.028625	vapor
54.667	0.10000	1.1745	0.85146	213.22	298.36	6.4980	0.66359	0.92449	344.35	2.2197	22.160	0.028645	vapor
54.933	0.10000	1.1735	0.85215	213.40	298.61	6.4988	0.66365	0.92454	344.49	2.2160	22.174	0.028666	vapor
55.200	0.10000	1.1725	0.85284	213.57	298.86	6.4995	0.66370	0.92459	344.62	2.2123	22.188	0.028686	vapor
55.467	0.10000	1.1716	0.85354	213.75	299.10	6.5003	0.66375	0.92464	344.76	2.2086	22.202	0.028707	vapor
55.733	0.10000	1.1706	0.85423	213.93	299.35	6.5010	0.66380	0.92469	344.89	2.2048	22.216	0.028727	vapor
56.000	0.10000	1.1697	0.85493	214.10	299.60	6.5018	0.66386	0.92474	345.03	2.2011	22.230	0.028748	vapor
56.267	0.10000	1.1687	0.85562	214.28	299.84	6.5025	0.66391	0.92479	345.17	2.1974	22.245	0.028768	vapor
56.533	0.10000	1.1678	0.85632	214.46	300.09	6.5033	0.66396	0.92484	345.30	2.1937	22.259	0.028789	vapor
56.800	0.10000	1.1668	0.85701	214.64	300.34	6.5040	0.66402	0.92489	345.44	2.1900	22.273	0.028809	vapor
57.067	0.10000	1.1659	0.85770	214.81	300.58	6.5048	0.66407	0.92494	345.57	2.1864	22.287	0.028829	vapor
57.333	0.10000	1.1650	0.85840	214.99	300.83	6.5055	0.66412	0.92500	345.71	2.1827	22.301	0.028850	vapor
57.600	0.10000	1.1640	0.85909	215.17	301.08	6.5063	0.66418	0.92505	345.85	2.1790	22.315	0.028870	vapor
57.867	0.10000	1.1631	0.85979	215.34	301.32	6.5070	0.66423	0.92510	345.98	2.1754	22.330	0.028891	vapor
58.133	0.10000	1.1621	0.86048	215.52	301.57	6.5078	0.66428	0.92515	346.12	2.1717	22.344	0.028911	vapor
58.400	0.10000	1.1612	0.86118	215.70	301.82	6.5085	0.66434	0.92520	346.25	2.1681	22.358	0.028931	vapor
58.667	0.10000	1.1603	0.86187	215.88	302.06	6.5093	0.66439	0.92525	346.39	2.1644	22.372	0.028952	vapor
58.933	0.10000	1.1593	0.86256	216.05	302.31	6.5100	0.66445	0.92531	346.52	2.1608	22.386	0.028972	vapor
59.200	0.10000	1.1584	0.86326	216.23	302.56	6.5107	0.66450	0.92536	346.66	2.1572	22.400	0.028993	vapor
59.467	0.10000	1.1575	0.86395	216.41	302.80	6.5115	0.66455	0.92541	346.80	2.1536	22.414	0.029013	vapor
59.733	0.10000	1.1565	0.86465	216.59	303.05	6.5122	0.66461	0.92546	346.93	2.1499	22.428	0.029033	vapor
60.000	0.10000	1.1556	0.86534	216.76	303.30	6.5130	0.66466	0.92552	347.07	2.1463	22.442	0.029054	vapor
60.267	0.10000	1.1547	0.86604	216.94	303.54	6.5137	0.66472	0.92557	347.20	2.1427	22.457	0.029074	vapor
60.533	0.10000	1.1538	0.86673	217.12	303.79	6.5144	0.66477	0.92562	347.34	2.1392	22.471	0.029094	vapor
60.800	0.10000	1.1528	0.86742	217.29	304.04	6.5152	0.66483	0.92567	347.47	2.1356	22.485	0.029115	vapor
61.067	0.10000	1.1519	0.86812	217.47	304.28	6.5159	0.66488	0.92573	347.61	2.1320	22.499	0.029135	vapor
61.333	0.10000	1.1510	0.86881	217.65	304.53	6.5167	0.66494	0.92578	347.74	2.1284	22.513	0.029156	vapor
61.600	0.10000	1.1501	0.86951	217.83	304.78	6.5174	0.66499	0.92583	347.88	2.1249	22.527	0.029176	vapor
61.867	0.10000	1.1492	0.87020	218.00	305.02	6.5181	0.66505	0.92589	348.01	2.1213	22.541	0.029196	vapor
62.133	0.10000	1.1482	0.87090	218.18	305.27	6.5189	0.66510	0.92594	348.14	2.1178	22.555	0.029217	vapor
62.400	0.10000	1.1473	0.87159	218.36	305.52	6.5196	0.66516	0.92599	348.28	2.1142	22.569	0.029237	vapor
62.667	0.10000	1.1464	0.87228	218.54	305.77	6.5203	0.66521	0.92605	348.41	2.1107	22.583	0.029257	vapor
62.933	0.10000	1.1455	0.87298	218.71	306.01	6.5211	0.66527	0.92610	348.55	2.1071	22.597	0.029278	vapor
63.200	0.10000	1.1446	0.87367	218.89	306.26	6.5218	0.66533	0.92615	348.68	2.1036	22.611	0.029298	vapor
63.467	0.10000	1.1437	0.87437	219.07	306.51	6.5226	0.66538	0.92621	348.82	2.1001	22.625	0.029318	vapor
63.733	0.10000	1.1428	0.87506	219.25	306.75	6.5233	0.66544	0.92626	348.95	2.0966	22.639	0.029339	vapor
64.000	0.10000	1.1419	0.87576	219.43	307.00	6.5240	0.66549	0.92632	349.09	2.0931	22.653	0.029359	vapor
64.267	0.10000	1.1410	0.87645	219.60	307.25	6.5248	0.66555	0.92637	349.22	2.0896	22.667	0.029379	vapor
64.533	0.10000	1.1401	0.87714	219.78	307.49	6.5255	0.66561	0.92643	349.35	2.0861	22.681	0.029399	vapor
64.800	0.10000	1.1392	0.87784	219.96	307.74	6.5262	0.66566	0.92648	349.49	2.0826	22.695	0.029420	vapor
65.067	0.10000	1.1383	0.87853	220.14	307.99	6.5269	0.66572	0.92653	349.62	2.0791	22.709	0.029440	vapor
65.333	0.10000	1.1374	0.87923	220.31	308.24	6.5277	0.66577	0.92659	349.76	2.0757	22.723	0.029460	vapor
65.600	0.10000	1.1365	0.87992	220.49	308.48	6.5284	0.66583	0.92664	349.89	2.0722	22.737	0.029481	vapor
65.867	0.10000	1.1356	0.88061	220.67	308.73	6.5291	0.66589	0.92670	350.02	2.0687	22.751	0.029501	vapor
66.133	0.10000	1.1347	0.88131	220.85	308.98	6.5299	0.66594	0.92675	350.16	2.0653	22.765	0.029521	vapor
66.400	0.10000	1.1338	0.88200	221.02	309.22	6.5306	0.66600	0.92681	350.29	2.0618	22.779	0.029541	vapor
66.667	0.10000	1.1329	0.88270	221.20	309.47	6.5313	0.66606	0.92686	350.42	2.0584	22.793	0.029562	vapor
66.933	0.10000	1.1320	0.88339	221.38	309.72	6.5320	0.66612	0.92692	350.56	2.0550	22.807	0.029582	vapor
67.200	0.10000	1.1311	0.88409	221.56	309.97	6.5328	0.66617	0.92697	350.69	2.0515	22.821	0.029602	vapor
67.467	0.10000	1.1302	0.88478	221.74	310.21	6.5335	0.66623	0.92703	350.82	2.0481	22.835	0.029622	vapor
67.733	0.10000	1.1293	0.88547	221.91	310.46	6.5342	0.66629	0.92709	350.96	2.0447	22.849	0.029643	vapor
68.000	0.10000	1.1285	0.88617	222.09	310.71	6.5349	0.66635	0.92714	351.09	2.0413	22.863	0.029663	vapor
68.267	0.10000	1.1276	0.88686	222.27	310.95	6.5357	0.66640	0.92720	351.22	2.0379	22.877	0.029683	vapor
68.533	0.10000	1.1267	0.88756	222.45	311.20	6.5364	0.66646	0.92725	351.36	2.0345	22.891	0.029703	vapor
68.800	0.10000	1.1258	0.88825	222.62	311.45	6.5371	0.66652	0.92731	351.49	2.0311	22.905	0.029724	vapor
69.067	0.10000	1.1249	0.88894	222.80	311.70	6.5378	0.66658	0.92737	351.62	2.0277	22.919	0.029744	vapor
69.333	0.10000	1.1241	0.88964	222.98	311.94	6.5386	0.66663	0.92742	351.76	2.0244	22.933	0.029764	vapor
69.600	0.10000	1.1232	0.89033	223.16	312.19	6.5393	0.66669	0.92748	351.89	2.0210	22.947	0.029784	vapor
69.867	0.10000	1.1223	0.89103	223.34	312.44	6.5400	0.66675	0.92753	352.02	2.0176	22.961	0.029804	vapor
70.133	0.10000	1.1214	0.89172	223.51	312.69	6.5407	0.66681	0.92759	352.15	2.0143	22.975	0.029825	vapor
70.400	0.10000	1.1206	0.89242	223.69	312.93	6.5415	0.66687	0.92765	352.29	2.0109	22.989	0.029845	vapor
70.667	0.10000	1.1197	0.89311	223.87	313.18	6.5422	0.66693	0.92770	352.42	2.0076	23.003	0.029865	vapor
70.933	0.10000	1.1188	0.89380	224.05	313.43	6.5429	0.66698	0.92776	352.55	2.0042	23.017	0.029885	vapor
71.200	0.10000	1.1179	0.89450	224.23	313.68	6.5436	0.66704	0.92782	352.68	2.0009	23.031	0.029905	vapor
71.467	0.10000	1.1171	0.89519	224.40	313.92	6.5443	0.66710	0.92788	352.82	1.9976	23.044	0.029926	vapor
71.733	0.10000	1.1162	0.89589	224.58	314.17	6.5450	0.66716	0.92793	352.95	1.9942	23.058	0.029946	vapor
72.000	0.10000	1.1153	0.89658	224.76	314.42	6.5458	0.66722	0.92799	353.08	1.9909	23.072	0.029966	vapor
72.267	0.10000	1.1145	0.89727	224.94	314.67	6.5465	0.66728	0.92805	353.21	1.9876	23.086	0.029986	vapor
72.533	0.10000	1.1136	0.89797	225.12	314.91	6.5472	0.66734	0.92810	353.35	1.9843	23.100	0.030006	vapor
72.800	0.10000	1.1128	0.89866	225.29	315.16	6.5479	0.66740	0.92816	353.48	1.9810	23.114	0.030026	vapor
73.067	0.10000	1.1119	0.89936	225.47	315.41	6.5486	0.66746	0.92822	353.61	1.9777	23.128	0.030047	vapor
73.333	0.10000	1.1110	0.90005	225.65	315.66	6.5493	0.66752	0.92828	353.74	1.9744	23.142	0.030067	vapor
73.600	0.10000	1.1102	0.90075	225.83	315.90	6.5501	0.66758	0.92834	353.87	1.9712	23.155	0.030087	vapor
73.867	0.10000	1.1093	0.90144	226.01	316.15	6.5508	0.66764	0.92839	354.01	1.9679	23.169	0.030107	vapor
74.133	0.10000	1.1085	0.90213	226.18	316.40	6.5515	0.66770	0.92845	354.14	1.9646	23.183	0.030127	vapor
74.400	0.10000	1.1076	0.90283	226.36	316.65	6.5522	0.66776	0.92851	354.27	1.9614	23.197	0.030147	vapor
74.667	0.10000	1.1068	0.90352	226.54	316.89	6.5529	0.66782	0.92857	354.40	1.9581	23.211	0.030167	vapor
74.933	0.10000	1.1059	0.90422	226.72	317.14	6.5536	0.66788	0.92863	354.53	1.9549	23.225	0.030188	vapor
75.200	0.10000	1.1051	0.90491	226.90	317.39	6.5543	0.66794	0.92868	354.66	1.9516	23.239	0.030208	vapor
75.467	0.10000	1.1042	0.90560	227.08	317.64	6.5550	0.66800	0.92874	354.80	1.9484	23.252	0.030228	vapor
75.733	0.10000	1.1034	0.90630	227.25	317.88	6.5557	0.66806	0.92880	354.93	1.9451	23.266	0.030248	vapor
76.000	0.10000	1.1025	0.90699	227.43	318.13	6.5565	0.66812	0.92886	355.06	1.9419	23.280	0.030268	vapor
76.267	0.10000	1.1017	0.90769	227.61	318.38	6.5572	0.66818	0.92892	355.19	1.9387	23.294	0.030288	vapor
76.533	0.10000	1.1009	0.90838	227.79	318.63	6.5579	0.66824	0.92898	355.32	1.9355	23.308	0.030308	vapor
76.800	0.10000	1.1000	0.90907	227.97	318.87	6.5586	0.66830	0.92904	355.45	1.9323	23.322	0.030328	vapor
77.067	0.10000	1.0992	0.90977	228.15	319.12	6.5593	0.66836	0.92910	355.58	1.9291	23.335	0.030348	vapor
77.333	0.10000	1.0983	0.91046	228.32	319.37	6.5600	0.66842	0.92916	355.71	1.9259	23.349	0.030369	vapor
77.600	0.10000	1.0975	0.91116	228.50	319.62	6.5607	0.66848	0.92922	355.85	1.9227	23.363	0.030389	vapor
77.867	0.10000	1.0967	0.91185	228.68	319.87	6.5614	0.66854	0.92928	355.98	1.9195	23.377	0.030409	vapor
78.133	0.10000	1.0958	0.91254	228.86	320.11	6.5621	0.66860	0.92933	356.11	1.9163	23.391	0.030429	vapor
78.400	0.10000	1.0950	0.91324	229.04	320.36	6.5628	0.66866	0.92939	356.24	1.9131	23.404	0.030449	vapor
78.667	0.10000	1.0942	0.91393	229.22	320.61	6.5635	0.66873	0.92945	356.37	1.9100	23.418	0.030469	vapor
78.933	0.10000	1.0933	0.91463	229.39	320.86	6.5642	0.66879	0.92951	356.50	1.9068	23.432	0.030489	vapor
79.200	0.10000	1.0925	0.91532	229.57	321.10	6.5649	0.66885	0.92957	356.63	1.9037	23.446	0.030509	vapor
79.467	0.10000	1.0917	0.91602	229.75	321.35	6.5656	0.66891	0.92963	356.76	1.9005	23.459	0.030529	vapor
79.733	0.10000	1.0909	0.91671	229.93	321.60	6.5663	0.66897	0.92969	356.89	1.8974	23.473	0.030549	vapor
80.000	0.10000	1.0900	0.91740	230.11	321.85	6.5670	0.66903	0.92975	357.02	1.8942	23.487	0.030569	vapor
80.267	0.10000	1.0892	0.91810	230.29	322.10	6.5677	0.66910	0.92981	357.15	1.8911	23.501	0.030589	vapor
80.533	0.10000	1.0884	0.91879	230.47	322.34	6.5684	0.66916	0.92988	357.28	1.8880	23.514	0.030609	vapor
80.800	0.10000	1.0876	0.91949	230.64	322.59	6.5691	0.66922	0.92994	357.41	1.8848	23.528	0.030629	vapor
81.067	0.10000	1.0867	0.92018	230.82	322.84	6.5698	0.66928	0.93000	357.54	1.8817	23.542	0.030649	vapor
81.333	0.10000	1.0859	0.92087	231.00	323.09	6.5705	0.66934	0.93006	357.67	1.8786	23.556	0.030669	vapor
81.600	0.10000	1.0851	0.92157	231.18	323.34	6.5712	0.66941	0.93012	357.80	1.8755	23.569	0.030689	vapor
81.867	0.10000	1.0843	0.92226	231.36	323.58	6.5719	0.66947	0.93018	357.93	1.8724	23.583	0.030709	vapor
82.133	0.10000	1.0835	0.92296	231.54	323.83	6.5726	0.66953	0.93024	358.06	1.8693	23.597	0.030729	vapor
82.400	0.10000	1.0827	0.92365	231.72	324.08	6.5733	0.66959	0.93030	358.19	1.8662	23.611	0.030749	vapor
82.667	0.10000	1.0818	0.92434	231.89	324.33	6.5740	0.66966	0.93036	358.32	1.8631	23.624	0.030769	vapor
82.933	0.10000	1.0810	0.92504	232.07	324.58	6.5747	0.66972	0.93042	358.45	1.8600	23.638	0.030789	vapor
83.200	0.10000	1.0802	0.92573	232.25	324.83	6.5754	0.66978	0.93048	358.58	1.8570	23.652	0.030809	vapor
83.467	0.10000	1.0794	0.92643	232.43	325.07	6.5761	0.66985	0.93055	358.71	1.8539	23.665	0.030829	vapor
83.733	0.10000	1.0786	0.92712	232.61	325.32	6.5768	0.66991	0.93061	358.84	1.8508	23.679	0.030849	vapor
84.000	0.10000	1.0778	0.92781	232.79	325.57	6.5775	0.66997	0.93067	358.97	1.8478	23.693	0.030869	vapor
84.267	0.10000	1.0770	0.92851	232.97	325.82	6.5782	0.67004	0.93073	359.10	1.8447	23.707	0.030889	vapor
84.533	0.10000	1.0762	0.92920	233.15	326.07	6.5789	0.67010	0.93079	359.23	1.8417	23.720	0.030909	vapor
84.800	0.10000	1.0754	0.92990	233.32	326.31	6.5796	0.67016	0.93085	359.36	1.8386	23.734	0.030929	vapor
85.067	0.10000	1.0746	0.93059	233.50	326.56	6.5803	0.67023	0.93092	359.49	1.8356	23.748	0.030949	vapor
85.333	0.10000	1.0738	0.93128	233.68	326.81	6.5810	0.67029	0.93098	359.62	1.8326	23.761	0.030969	vapor
85.600	0.10000	1.0730	0.93198	233.86	327.06	6.5817	0.67035	0.93104	359.75	1.8296	23.775	0.030989	vapor
85.867	0.10000	1.0722	0.93267	234.04	327.31	6.5824	0.67042	0.93110	359.87	1.8265	23.789	0.031009	vapor
86.133	0.10000	1.0714	0.93337	234.22	327.56	6.5831	0.67048	0.93117	360.00	1.8235	23.802	0.031029	vapor
86.400	0.10000	1.0706	0.93406	234.40	327.80	6.5838	0.67055	0.93123	360.13	1.8205	23.816	0.031049	vapor
86.667	0.10000	1.0698	0.93475	234.58	328.05	6.5844	0.67061	0.93129	360.26	1.8175	23.830	0.031069	vapor
86.933	0.10000	1.0690	0.93545	234.76	328.30	6.5851	0.67067	0.93135	360.39	1.8145	23.843	0.031089	vapor
87.200	0.10000	1.0682	0.93614	234.93	328.55	6.5858	0.67074	0.93142	360.52	1.8115	23.857	0.031109	vapor
87.467	0.10000	1.0674	0.93684	235.11	328.80	6.5865	0.67080	0.93148	360.65	1.8085	23.870	0.031129	vapor
87.733	0.10000	1.0666	0.93753	235.29	329.05	6.5872	0.67087	0.93154	360.78	1.8055	23.884	0.031149	vapor
88.000	0.10000	1.0658	0.93822	235.47	329.29	6.5879	0.67093	0.93161	360.91	1.8026	23.898	0.031169	vapor
88.267	0.10000	1.0651	0.93892	235.65	329.54	6.5886	0.67100	0.93167	361.03	1.7996	23.911	0.031189	vapor
88.533	0.10000	1.0643	0.93961	235.83	329.79	6.5893	0.67106	0.93173	361.16	1.7966	23.925	0.031208	vapor
88.800	0.10000	1.0635	0.94031	236.01	330.04	6.5900	0.67113	0.93179	361.29	1.7937	23.939	0.031228	vapor
89.067	0.10000	1.0627	0.94100	236.19	330.29	6.5906	0.67119	0.93186	361.42	1.7907	23.952	0.031248	vapor
89.333	0.10000	1.0619	0.94169	236.37	330.54	6.5913	0.67125	0.93192	361.55	1.7878	23.966	0.031268	vapor
89.600	0.10000	1.0611	0.94239	236.55	330.78	6.5920	0.67132	0.93199	361.68	1.7848	23.979	0.031288	vapor
89.867	0.10000	1.0604	0.94308	236.73	331.03	6.5927	0.67139	0.93205	361.80	1.7819	23.993	0.031308	vapor
90.133	0.10000	1.0596	0.94378	236.90	331.28	6.5934	0.67145	0.93211	361.93	1.7789	24.007	0.031328	vapor
90.400	0.10000	1.0588	0.94447	237.08	331.53	6.5941	0.67152	0.93218	362.06	1.7760	24.020	0.031348	vapor
90.667	0.10000	1.0580	0.94516	237.26	331.78	6.5947	0.67158	0.93224	362.19	1.7731	24.034	0.031368	vapor
90.933	0.10000	1.0572	0.94586	237.44	332.03	6.5954	0.67165	0.93230	362.32	1.7701	24.047	0.031387	vapor
91.200	0.10000	1.0565	0.94655	237.62	332.28	6.5961	0.67171	0.93237	362.44	1.7672	24.061	0.031407	vapor
91.467	0.10000	1.0557	0.94725	237.80	332.53	6.5968	0.67178	0.93243	362.57	1.7643	24.075	0.031427	vapor
91.733	0.10000	1.0549	0.94794	237.98	332.77	6.5975	0.67184	0.93250	362.70	1.7614	24.088	0.031447	vapor
92.000	0.10000	1.0541	0.94863	238.16	333.02	6.5982	0.67191	0.93256	362.83	1.7585	24.102	0.031467	vapor
92.267	0.10000	1.0534	0.94933	238.34	333.27	6.5988	0.67197	0.93263	362.95	1.7556	24.115	0.031487	vapor
92.533	0.10000	1.0526	0.95002	238.52	333.52	6.5995	0.67204	0.93269	363.08	1.7527	24.129	0.031507	vapor
92.800	0.10000	1.0518	0.95072	238.70	333.77	6.6002	0.67211	0.93275	363.21	1.7498	24.142	0.031526	vapor
93.067	0.10000	1.0511	0.95141	238.88	334.02	6.6009	0.67217	0.93282	363.34	1.7470	24.156	0.031546	vapor
93.333	0.10000	1.0503	0.95210	239.06	334.27	6.6016	0.67224	0.93288	363.46	1.7441	24.169	0.031566	vapor
93.600	0.10000	1.0495	0.95280	239.23	334.51	6.6022	0.67231	0.93295	363.59	1.7412	24.183	0.031586	vapor
93.867	0.10000	1.0488	0.95349	239.41	334.76	6.6029	0.67237	0.93301	363.72	1.7384	24.196	0.031606	vapor
94.133	0.10000	1.0480	0.95419	239.59	335.01	6.6036	0.67244	0.93308	363.85	1.7355	24.210	0.031626	vapor
94.400	0.10000	1.0473	0.95488	239.77	335.26	6.6043	0.67250	0.93314	363.97	1.7326	24.224	0.031645	vapor
94.667	0.10000	1.0465	0.95557	239.95	335.51	6.6049	0.67257	0.93321	364.10	1.7298	24.237	0.031665	vapor
94.933	0.10000	1.0457	0.95627	240.13	335.76	6.6056	0.67264	0.93328	364.23	1.7269	24.251	0.031685	vapor
95.200	0.10000	1.0450	0.95696	240.31	336.01	6.6063	0.67270	0.93334	364.36	1.7241	24.264	0.031705	vapor
95.467	0.10000	1.0442	0.95766	240.49	336.26	6.6070	0.67277	0.93341	364.48	1.7213	24.278	0.031725	vapor
95.733	0.10000	1.0435	0.95835	240.67	336.51	6.6076	0.67284	0.93347	364.61	1.7184	24.291	0.031745	vapor
96.000	0.10000	1.0427	0.95904	240.85	336.75	6.6083	0.67291	0.93354	364.74	1.7156	24.305	0.031764	vapor
96.267	0.10000	1.0420	0.95974	241.03	337.00	6.6090	0.67297	0.93360	364.86	1.7128	24.318	0.031784	vapor
96.533	0.10000	1.0412	0.96043	241.21	337.25	6.6097	0.67304	0.93367	364.99	1.7100	24.332	0.031804	vapor
96.800	0.10000	1.0404	0.96113	241.39	337.50	6.6103	0.67311	0.93373	365.12	1.7072	24.345	0.031824	vapor
97.067	0.10000	1.0397	0.96182	241.57	337.75	6.6110	0.67317	0.93380	365.24	1.7043	24.359	0.031843	vapor
97.333	0.10000	1.0389	0.96251	241.75	338.00	6.6117	0.67324	0.93387	365.37	1.7015	24.372	0.031863	vapor
97.600	0.10000	1.0382	0.96321	241.93	338.25	6.6124	0.67331	0.93393	365.50	1.6987	24.386	0.031883	vapor
97.867	0.10000	1.0375	0.96390	242.11	338.50	6.6130	0.67338	0.93400	365.62	1.6960	24.399	0.031903	vapor
98.133	0.10000	1.0367	0.96460	242.29	338.75	6.6137	0.67344	0.93407	365.75	1.6932	24.412	0.031923	vapor
98.400	0.10000	1.0360	0.96529	242.47	339.00	6.6144	0.67351	0.93413	365.88	1.6904	24.426	0.031942	vapor
98.667	0.10000	1.0352	0.96598	242.65	339.24	6.6150	0.67358	0.93420	366.00	1.6876	24.439	0.031962	vapor
98.933	0.10000	1.0345	0.96668	242.83	339.49	6.6157	0.67365	0.93426	366.13	1.6848	24.453	0.031982	vapor
99.200	0.10000	1.0337	0.96737	243.01	339.74	6.6164	0.67372	0.93433	366.25	1.6821	24.466	0.032002	vapor
99.467	0.10000	1.0330	0.96807	243.19	339.99	6.6171	0.67378	0.93440	366.38	1.6793	24.480	0.032021	vapor
99.733	0.10000	1.0322	0.96876	243.37	340.24	6.6177	0.67385	0.93447	366.51	1.6765	24.493	0.032041	vapor
100.00	0.10000	1.0315	0.96945	243.55	340.49	6.6184	0.67392	0.93453	366.63	1.6738	24.507	0.032061	vapor
100.27	0.10000	1.0308	0.97015	243.73	340.74	6.6191	0.67399	0.93460	366.76	1.6710	24.520	0.032081	vapor
100.53	0.10000	1.0300	0.97084	243.91	340.99	6.6197	0.67406	0.93467	366.88	1.6683	24.534	0.032100	vapor
100.80	0.10000	1.0293	0.97153	244.08	341.24	6.6204	0.67413	0.93473	367.01	1.6655	24.547	0.032120	vapor
101.07	0.10000	1.0286	0.97223	244.26	341.49	6.6211	0.67419	0.93480	367.14	1.6628	24.560	0.032140	vapor
101.33	0.10000	1.0278	0.97292	244.44	341.74	6.6217	0.67426	0.93487	367.26	1.6601	24.574	0.032159	vapor
101.60	0.10000	1.0271	0.97362	244.62	341.99	6.6224	0.67433	0.93494	367.39	1.6574	24.587	0.032179	vapor
101.87	0.10000	1.0264	0.97431	244.80	342.24	6.6231	0.67440	0.93500	367.51	1.6546	24.601	0.032199	vapor
102.13	0.10000	1.0256	0.97500	244.98	342.48	6.6237	0.67447	0.93507	367.64	1.6519	24.614	0.032219	vapor
102.40	0.10000	1.0249	0.97570	245.16	342.73	6.6244	0.67454	0.93514	367.76	1.6492	24.627	0.032238	vapor
102.67	0.10000	1.0242	0.97639	245.34	342.98	6.6250	0.67461	0.93521	367.89	1.6465	24.641	0.032258	vapor
102.93	0.10000	1.0235	0.97709	245.52	343.23	6.6257	0.67468	0.93527	368.01	1.6438	24.654	0.032278	vapor
103.20	0.10000	1.0227	0.97778	245.70	343.48	6.6264	0.67475	0.93534	368.14	1.6411	24.668	0.032297	vapor
103.47	0.10000	1.0220	0.97847	245.88	343.73	6.6270	0.67481	0.93541	368.27	1.6384	24.681	0.032317	vapor
103.73	0.10000	1.0213	0.97917	246.06	343.98	6.6277	0.67488	0.93548	368.39	1.6357	24.694	0.032337	vapor
104.00	0.10000	1.0206	0.97986	246.24	344.23	6.6284	0.67495	0.93555	368.52	1.6330	24.708	0.032356	vapor
104.27	0.10000	1.0198	0.98056	246.42	344.48	6.6290	0.67502	0.93561	368.64	1.6303	24.721	0.032376	vapor
104.53	0.10000	1.0191	0.98125	246.60	344.73	6.6297	0.67509	0.93568	368.77	1.6277	24.735	0.032396	vapor
104.80	0.10000	1.0184	0.98194	246.79	344.98	6.6303	0.67516	0.93575	368.89	1.6250	24.748	0.032415	vapor
105.07	0.10000	1.0177	0.98264	246.97	345.23	6.6310	0.67523	0.93582	369.02	1.6223	24.761	0.032435	vapor
105.33	0.10000	1.0170	0.98333	247.15	345.48	6.6317	0.67530	0.93589	369.14	1.6197	24.775	0.032455	vapor
105.60	0.10000	1.0162	0.98402	247.33	345.73	6.6323	0.67537	0.93596	369.27	1.6170	24.788	0.032474	vapor
105.87	0.10000	1.0155	0.98472	247.51	345.98	6.6330	0.67544	0.93602	369.39	1.6143	24.801	0.032494	vapor
106.13	0.10000	1.0148	0.98541	247.69	346.23	6.6336	0.67551	0.93609	369.52	1.6117	24.815	0.032514	vapor
106.40	0.10000	1.0141	0.98611	247.87	346.48	6.6343	0.67558	0.93616	369.64	1.6091	24.828	0.032533	vapor
106.67	0.10000	1.0134	0.98680	248.05	346.73	6.6350	0.67565	0.93623	369.76	1.6064	24.841	0.032553	vapor
106.93	0.10000	1.0127	0.98749	248.23	346.98	6.6356	0.67572	0.93630	369.89	1.6038	24.855	0.032573	vapor
107.20	0.10000	1.0120	0.98819	248.41	347.23	6.6363	0.67579	0.93637	370.01	1.6011	24.868	0.032592	vapor
107.47	0.10000	1.0112	0.98888	248.59	347.48	6.6369	0.67586	0.93644	370.14	1.5985	24.881	0.032612	vapor
107.73	0.10000	1.0105	0.98958	248.77	347.73	6.6376	0.67593	0.93651	370.26	1.5959	24.895	0.032631	vapor
108.00	0.10000	1.0098	0.99027	248.95	347.98	6.6382	0.67600	0.93658	370.39	1.5933	24.908	0.032651	vapor
108.27	0.10000	1.0091	0.99096	249.13	348.22	6.6389	0.67607	0.93665	370.51	1.5907	24.921	0.032671	vapor
108.53	0.10000	1.0084	0.99166	249.31	348.47	6.6395	0.67614	0.93671	370.64	1.5881	24.935	0.032690	vapor
108.80	0.10000	1.0077	0.99235	249.49	348.72	6.6402	0.67621	0.93678	370.76	1.5854	24.948	0.032710	vapor
109.07	0.10000	1.0070	0.99305	249.67	348.97	6.6409	0.67629	0.93685	370.88	1.5828	24.961	0.032730	vapor
109.33	0.10000	1.0063	0.99374	249.85	349.22	6.6415	0.67636	0.93692	371.01	1.5803	24.974	0.032749	vapor
109.60	0.10000	1.0056	0.99443	250.03	349.47	6.6422	0.67643	0.93699	371.13	1.5777	24.988	0.032769	vapor
109.87	0.10000	1.0049	0.99513	250.21	349.72	6.6428	0.67650	0.93706	371.26	1.5751	25.001	0.032788	vapor
110.13	0.10000	1.0042	0.99582	250.39	349.97	6.6435	0.67657	0.93713	371.38	1.5725	25.014	0.032808	vapor
110.40	0.10000	1.0035	0.99651	250.57	350.22	6.6441	0.67664	0.93720	371.50	1.5699	25.028	0.032827	vapor
110.67	0.10000	1.0028	0.99721	250.75	350.47	6.6448	0.67671	0.93727	371.63	1.5673	25.041	0.032847	vapor
110.93	0.10000	1.0021	0.99790	250.93	350.72	6.6454	0.67678	0.93734	371.75	1.5648	25.054	0.032867	vapor
111.20	0.10000	1.0014	0.99860	251.11	350.97	6.6461	0.67685	0.93741	371.88	1.5622	25.067	0.032886	vapor
111.47	0.10000	1.0007	0.99929	251.29	351.22	6.6467	0.67693	0.93748	372.00	1.5596	25.081	0.032906	vapor
111.73	0.10000	1.0000	0.99998	251.48	351.47	6.6474	0.67700	0.93755	372.12	1.5571	25.094	0.032925	vapor
112.00	0.10000	0.99932	1.0007	251.66	351.72	6.6480	0.67707	0.93762	372.25	1.5545	25.107	0.032945	vapor
112.27	0.10000	0.99863	1.0014	251.84	351.97	6.6487	0.67714	0.93769	372.37	1.5520	25.121	0.032964	vapor
112.53	0.10000	0.99794	1.0021	252.02	352.22	6.6493	0.67721	0.93776	372.49	1.5494	25.134	0.032984	vapor
112.80	0.10000	0.99725	1.0028	252.20	352.47	6.6500	0.67728	0.93783	372.62	1.5469	25.147	0.033004	vapor
113.07	0.10000	0.99656	1.0035	252.38	352.72	6.6506	0.67736	0.93791	372.74	1.5444	25.160	0.033023	vapor
113.33	0.10000	0.99587	1.0041	252.56	352.97	6.6513	0.67743	0.93798	372.86	1.5418	25.173	0.033043	vapor
113.60	0.10000	0.99518	1.0048	252.74	353.22	6.6519	0.67750	0.93805	372.99	1.5393	25.187	0.033062	vapor
113.87	0.10000	0.99450	1.0055	252.92	353.47	6.6526	0.67757	0.93812	373.11	1.5368	25.200	0.033082	vapor
114.13	0.10000	0.99381	1.0062	253.10	353.72	6.6532	0.67764	0.93819	373.23	1.5342	25.213	0.033101	vapor
114.40	0.10000	0.99313	1.0069	253.28	353.97	6.6538	0.67772	0.93826	373.36	1.5317	25.226	0.033121	vapor
114.67	0.10000	0.99244	1.0076	253.46	354.22	6.6545	0.67779	0.93833	373.48	1.5292	25.240	0.033140	vapor
114.93	0.10000	0.99176	1.0083	253.64	354.47	6.6551	0.67786	0.93840	373.60	1.5267	25.253	0.033160	vapor
115.20	0.10000	0.99108	1.0090	253.82	354.73	6.6558	0.67793	0.93847	373.72	1.5242	25.266	0.033179	vapor
115.47	0.10000	0.99040	1.0097	254.01	354.98	6.6564	0.67800	0.93854	373.85	1.5217	25.279	0.033199	vapor
115.73	0.10000	0.98972	1.0104	254.19	355.23	6.6571	0.67808	0.93862	373.97	1.5192	25.292	0.033218	vapor
116.00	0.10000	0.98904	1.0111	254.37	355.48	6.6577	0.67815	0.93869	374.09	1.5167	25.306	0.033238	vapor
116.27	0.10000	0.98836	1.0118	254.55	355.73	6.6584	0.67822	0.93876	374.22	1.5142	25.319	0.033257	vapor
116.53	0.10000	0.98768	1.0125	254.73	355.98	6.6590	0.67830	0.93883	374.34	1.5118	25.332	0.033277	vapor
116.80	0.10000	0.98700	1.0132	254.91	356.23	6.6596	0.67837	0.93890	374.46	1.5093	25.345	0.033296	vapor
117.07	0.10000	0.98633	1.0139	255.09	356.48	6.6603	0.67844	0.93897	374.58	1.5068	25.358	0.033316	vapor
117.33	0.10000	0.98565	1.0146	255.27	356.73	6.6609	0.67851	0.93905	374.71	1.5043	25.372	0.033335	vapor
117.60	0.10000	0.98498	1.0152	255.45	356.98	6.6616	0.67859	0.93912	374.83	1.5019	25.385	0.033355	vapor
117.87	0.10000	0.98431	1.0159	255.63	357.23	6.6622	0.67866	0.93919	374.95	1.4994	25.398	0.033374	vapor
118.13	0.10000	0.98364	1.0166	255.82	357.48	6.6628	0.67873	0.93926	375.07	1.4969	25.411	0.033394	vapor
118.40	0.10000	0.98297	1.0173	256.00	357.73	6.6635	0.67881	0.93933	375.20	1.4945	25.424	0.033413	vapor
118.67	0.10000	0.98230	1.0180	256.18	357.98	6.6641	0.67888	0.93941	375.32	1.4920	25.437	0.033433	vapor
118.93	0.10000	0.98163	1.0187	256.36	358.23	6.6648	0.67895	0.93948	375.44	1.4896	25.451	0.033452	vapor
119.20	0.10000	0.98096	1.0194	256.54	358.48	6.6654	0.67903	0.93955	375.56	1.4871	25.464	0.033472	vapor
119.47	0.10000	0.98029	1.0201	256.72	358.73	6.6660	0.67910	0.93962	375.68	1.4847	25.477	0.033491	vapor
119.73	0.10000	0.97962	1.0208	256.90	358.98	6.6667	0.67917	0.93969	375.81	1.4823	25.490	0.033510	vapor
120.00	0.10000	0.97896	1.0215	257.08	359.23	6.6673	0.67925	0.93977	375.93	1.4798	25.503	0.033530	vapor
